8.283823002129793167e-01
1.538410335779190063e-01
1.356194950640201569e-01
1.248161038383841515e-01
1.227043252438306808e-01
1.233588475733995438e-01
1.243856344372034073e-01
1.246606726199388504e-01
1.245136726647615433e-01
1.244320431724190712e-01
1.245572799816727638e-01
1.248490707948803902e-01
1.252281116321682930e-01
1.256319414824247360e-01
1.260078568011522293e-01
1.263290047645568848e-01
1.265783691778779030e-01
1.267546648159623146e-01
1.268616430461406708e-01
1.269037248566746712e-01
1.268846699967980385e-01
1.268058381974697113e-01
1.266695903614163399e-01
1.264821225777268410e-01
1.262556957080960274e-01
1.260090703144669533e-01
1.257645208388566971e-01
1.255428818985819817e-01
1.253589438274502754e-01
1.252189632505178452e-01
1.251211054623126984e-01
1.250579394400119781e-01
1.250194972380995750e-01
1.249958593398332596e-01
1.249787835404276848e-01
1.249623689800500870e-01
1.249430524185299873e-01
1.249191937968134880e-01
1.248906180262565613e-01
1.248579900711774826e-01
1.248224414885044098e-01
1.247852025553584099e-01
1.247473750263452530e-01
1.247098101302981377e-01
1.246730787679553032e-01
1.246375041082501411e-01
1.246031979098916054e-01
1.245701462030410767e-01
1.245382623746991158e-01
1.245074467733502388e-01
1.244776137173175812e-01
1.244486616924405098e-01
1.244205497205257416e-01
1.243932275101542473e-01
1.243666671216487885e-01
1.243408480659127235e-01
1.243157247081398964e-01
1.242912914603948593e-01
1.242675166577100754e-01
1.242443667724728584e-01
1.242218296974897385e-01
1.241998802870512009e-01
1.241784896701574326e-01
1.241576429456472397e-01
1.241373158991336823e-01
1.241174926981329918e-01
1.240981649607419968e-01
1.240793094038963318e-01
1.240609148517251015e-01
1.240429617464542389e-01
1.240254491567611694e-01
1.240083519369363785e-01
1.239916551858186722e-01
1.239753626286983490e-01
1.239594481885433197e-01
1.239438997581601143e-01
1.239286987110972404e-01
1.239138394594192505e-01
1.238992987200617790e-01
1.238850681111216545e-01
1.238711355254054070e-01
1.238574841991066933e-01
1.238441132009029388e-01
1.238310066983103752e-01
1.238181516528129578e-01
1.238055368885397911e-01
1.237931558862328529e-01
1.237810049206018448e-01
1.237690672278404236e-01
1.237573511898517609e-01
1.237458446994423866e-01
1.237345328554511070e-01
1.237234184518456459e-01
1.237124949693679810e-01
1.237017512321472168e-01
1.236911863088607788e-01
1.236807806417346001e-01
1.236705547198653221e-01
1.236604936420917511e-01
1.236505825072526932e-01
1.236408250406384468e-01
1.236312212422490120e-01
1.236217655241489410e-01
1.236124504357576370e-01
1.236032750457525253e-01
1.235942421481013298e-01
1.235853405669331551e-01
1.235765693709254265e-01
1.235679276287555695e-01
1.235594097524881363e-01
1.235510231927037239e-01
1.235427539795637131e-01
1.235346030443906784e-01
1.235265657305717468e-01
1.235186411067843437e-01
1.235108356922864914e-01
1.235031308606266975e-01
1.234955312684178352e-01
1.234880369156599045e-01
1.234806450083851814e-01
1.234733471646904945e-01
1.234661582857370377e-01
1.234590588137507439e-01
1.234520487487316132e-01
1.234451252967119217e-01
1.234383024275302887e-01
1.234315549954771996e-01
1.234248969703912735e-01
1.234183181077241898e-01
1.234118249267339706e-01
1.234054109081625938e-01
1.233990630134940147e-01
1.233928026631474495e-01
1.233866093680262566e-01
1.233804896473884583e-01
1.233744304627180099e-01
1.233684401959180832e-01
1.233625123277306557e-01
1.233566440641880035e-01
1.233508307486772537e-01
1.233450705185532570e-01
1.233393801376223564e-01
1.233337363228201866e-01
1.233281530439853668e-01
1.233226424083113670e-01
1.233171969652175903e-01
1.233118288218975067e-01
1.233065528795123100e-01
1.233013654127717018e-01
1.232962757349014282e-01
1.232912763953208923e-01
1.232863655313849449e-01
1.232815366238355637e-01
1.232767747715115547e-01
1.232720697298645973e-01
1.232674270868301392e-01
1.232628123834729195e-01
1.232582507655024529e-01
1.232537301257252693e-01
1.232492448762059212e-01
1.232448043301701546e-01
1.232404001057147980e-01
1.232360461726784706e-01
1.232317388057708740e-01
1.232274882495403290e-01
1.232232982292771339e-01
1.232191622257232666e-01
1.232150867581367493e-01
1.232110820710659027e-01
1.232071314007043839e-01
1.232032440602779388e-01
1.231994032859802246e-01
1.231956202536821365e-01
1.231918828561902046e-01
1.231881855055689812e-01
1.231845319271087646e-01
1.231809109449386597e-01
1.231773244217038155e-01
1.231737677007913589e-01
1.231702528893947601e-01
1.231667716056108475e-01
1.231633191928267479e-01
1.231598872691392899e-01
1.231565074995160103e-01
1.231531482189893723e-01
1.231498308479785919e-01
1.231465376913547516e-01
1.231432612985372543e-01
1.231400305405259132e-01
1.231368342414498329e-01
1.231336696073412895e-01
1.231305347755551338e-01
1.231274316087365150e-01
1.231243601068854332e-01
1.231213277205824852e-01
1.231183167546987534e-01
1.231153449043631554e-01
1.231124093756079674e-01
1.231094989925622940e-01
1.231066295877099037e-01
1.231037825345993042e-01
1.231009755283594131e-01
1.230981927365064621e-01
1.230954388156533241e-01
1.230927249416708946e-01
1.230900352820754051e-01
1.230873726308345795e-01
1.230847388505935669e-01
1.230821358039975166e-01
1.230795690789818764e-01
1.230770181864500046e-01
1.230744943022727966e-01
1.230720095336437225e-01
1.230695499107241631e-01
1.230671061202883720e-01
1.230646977201104164e-01
1.230623098090291023e-01
1.230599423870444298e-01
1.230576094239950180e-01
1.230553016066551208e-01
1.230530086904764175e-01
1.230507381260395050e-01
1.230484861880540848e-01
1.230462752282619476e-01
1.230440754443407059e-01
1.230418942868709564e-01
1.230397401377558708e-01
1.230376036837697029e-01
1.230354867875576019e-01
1.230333987623453140e-01
1.230313302949070930e-01
1.230292748659849167e-01
1.230272464454174042e-01
1.230252366513013840e-01
1.230232547968626022e-01
1.230212766677141190e-01
1.230193292722105980e-01
1.230173883959650993e-01
1.230154903605580330e-01
1.230135904625058174e-01
1.230117082595825195e-01
1.230098530650138855e-01
1.230080099776387215e-01
1.230061817914247513e-01
1.230043815448880196e-01
1.230025831609964371e-01
1.230008080601692200e-01
1.229990413412451744e-01
1.229973006993532181e-01
1.229955637827515602e-01
1.229938492178916931e-01
1.229921430349349976e-01
1.229904480278491974e-01
1.229887595400214195e-01
1.229870906099677086e-01
1.229854356497526169e-01
1.229837816208600998e-01
1.229821424931287766e-01
1.229805098846554756e-01
1.229788959026336670e-01
1.229772679507732391e-01
1.229756670072674751e-01
1.229740651324391365e-01
1.229724707081913948e-01
1.229708893224596977e-01
1.229693014174699783e-01
1.229677200317382812e-01
1.229661721736192703e-01
1.229645917192101479e-01
1.229630410671234131e-01
1.229614838957786560e-01
1.229599220678210258e-01
1.229583946987986565e-01
1.229568477720022202e-01
1.229553027078509331e-01
1.229537818580865860e-01
1.229522675275802612e-01
1.229507578536868095e-01
1.229492500424385071e-01
1.229477562010288239e-01
1.229462893679738045e-01
1.229448178783059120e-01
1.229433696717023849e-01
1.229419410228729248e-01
1.229405328631401062e-01
1.229391451925039291e-01
1.229377612471580505e-01
1.229364024475216866e-01
1.229351051151752472e-01
1.229337370023131371e-01
1.229324722662568092e-01
1.229311935603618622e-01
1.229299278929829597e-01
1.229286845773458481e-01
1.229274384677410126e-01
1.229262407869100571e-01
1.229250030592083931e-01
1.229238184168934822e-01
1.229226337745785713e-01
1.229214314371347427e-01
1.229202728718519211e-01
1.229191021993756294e-01
1.229179166257381439e-01
1.229167683050036430e-01
1.229156041517853737e-01
1.229144576936960220e-01
1.229132926091551781e-01
1.229122094810009003e-01
1.229109680280089378e-01
1.229099426418542862e-01
1.229087468236684799e-01
1.229076255112886429e-01
1.229065367951989174e-01
1.229053903371095657e-01
1.229042485356330872e-01
1.229032166302204132e-01
1.229020608589053154e-01
1.229008967056870461e-01
1.228999448940157890e-01
1.228987546637654305e-01
1.228976892307400703e-01
1.228965763002634048e-01
1.228955835103988647e-01
1.228944277390837669e-01
1.228934628888964653e-01
1.228922996670007706e-01
1.228913990780711174e-01
1.228902386501431465e-01
1.228892132639884949e-01
1.228882567957043648e-01
1.228872323408722878e-01
1.228862041607499123e-01
1.228852961212396622e-01
1.228842586278915405e-01
1.228832928463816643e-01
1.228823363780975342e-01
1.228813612833619118e-01
1.228804299607872963e-01
1.228794055059552193e-01
1.228785766288638115e-01
1.228775791823863983e-01
1.228766413405537605e-01
1.228757286444306374e-01
1.228748261928558350e-01
1.228737942874431610e-01
1.228729682043194771e-01
1.228719558566808701e-01
1.228710245341062546e-01
1.228701183572411537e-01
1.228691702708601952e-01
1.228683050721883774e-01
1.228673439472913742e-01
1.228663353249430656e-01
1.228655306622385979e-01
1.228645993396639824e-01
1.228636726737022400e-01
1.228627562522888184e-01
1.228618733584880829e-01
1.228609457612037659e-01
1.228600414469838142e-01
1.228591874241828918e-01
1.228582747280597687e-01
1.228573955595493317e-01
1.228565201163291931e-01
1.228557042777538300e-01
1.228548400104045868e-01
1.228539459407329559e-01
1.228531608358025551e-01
1.228522462770342827e-01
1.228514155372977257e-01
1.228506239131093025e-01
1.228497652336955070e-01
1.228488218039274216e-01
1.228481130674481392e-01
1.228471752256155014e-01
1.228464171290397644e-01
1.228455938398838043e-01
1.228447388857603073e-01
1.228439640253782272e-01
1.228430597111582756e-01
1.228423612192273140e-01
1.228413693606853485e-01
1.228407938033342361e-01
1.228400282561779022e-01
1.228390336036682129e-01
1.228383928537368774e-01
1.228376552462577820e-01
1.228367323055863380e-01
1.228359313681721687e-01
1.228351164609193802e-01
1.228344906121492386e-01
1.228335145860910416e-01
1.228328701108694077e-01
1.228320626541972160e-01
1.228313334286212921e-01
1.228305222466588020e-01
1.228296877816319466e-01
1.228290284052491188e-01
1.228281492367386818e-01
1.228275373578071594e-01
1.228266637772321701e-01
1.228259671479463577e-01
1.228252574801445007e-01
1.228244304656982422e-01
1.228239145129919052e-01
1.228230707347393036e-01
1.228224234655499458e-01
1.228216243907809258e-01
1.228208979591727257e-01
1.228202274069190025e-01
1.228195102885365486e-01
1.228187913075089455e-01
1.228180089965462685e-01
1.228174250572919846e-01
1.228166492655873299e-01
1.228158632293343544e-01
1.228152476251125336e-01
1.228145249187946320e-01
1.228138273581862450e-01
1.228132676333189011e-01
1.228124313056468964e-01
1.228118855506181717e-01
1.228111265227198601e-01
1.228104708716273308e-01
1.228096745908260345e-01
1.228090720251202583e-01
1.228084014728665352e-01
1.228078398853540421e-01
1.228071032091975212e-01
1.228064000606536865e-01
1.228057881817221642e-01
1.228050980716943741e-01
1.228044172748923302e-01
1.228038044646382332e-01
1.228031925857067108e-01
1.228025136515498161e-01
1.228019203990697861e-01
1.228012023493647575e-01
1.228005550801753998e-01
1.228000009432435036e-01
1.227993220090866089e-01
1.227986775338649750e-01
1.227980935946106911e-01
1.227974100038409233e-01
1.227968437597155571e-01
1.227961601689457893e-01
1.227955492213368416e-01
1.227949569001793861e-01
1.227941792458295822e-01
1.227937545627355576e-01
1.227929340675473213e-01
1.227925140410661697e-01
1.227918062359094620e-01
1.227912176400423050e-01
1.227906886488199234e-01
1.227899845689535141e-01
1.227895319461822510e-01
1.227887785062193871e-01
1.227882867678999901e-01
1.227876292541623116e-01
1.227870825678110123e-01
1.227864017710089684e-01
1.227859379723668098e-01
1.227853279560804367e-01
1.227847738191485405e-01
1.227841665968298912e-01
1.227836087346076965e-01
1.227831216529011726e-01
1.227824119850993156e-01
1.227819165214896202e-01
1.227813903242349625e-01
1.227808780968189240e-01
1.227804394438862801e-01
1.227796459570527077e-01
1.227792613208293915e-01
1.227785991504788399e-01
1.227782387286424637e-01
1.227776398882269859e-01
1.227769991382956505e-01
1.227766452357172966e-01
1.227759635075926781e-01
1.227755350992083549e-01
1.227750023826956749e-01
1.227744231000542641e-01
1.227739136666059494e-01
1.227734973654150963e-01
1.227728901430964470e-01
1.227723481133580208e-01
1.227720212191343307e-01
1.227714084088802338e-01
1.227709762752056122e-01
1.227703746408224106e-01
1.227699480950832367e-01
1.227693445980548859e-01
1.227690158411860466e-01
1.227682745084166527e-01
1.227681105956435204e-01
1.227674186229705811e-01
1.227669473737478256e-01
1.227665003389120102e-01
1.227659927681088448e-01
1.227654963731765747e-01
1.227650074288249016e-01
1.227644886821508408e-01
1.227640043944120407e-01
1.227635955438017845e-01
1.227630525827407837e-01
1.227626465260982513e-01
1.227621082216501236e-01
1.227616379037499428e-01
1.227611526846885681e-01
1.227607242763042450e-01
1.227602073922753334e-01
1.227597789838910103e-01
1.227592993527650833e-01
1.227588513866066933e-01
1.227583745494484901e-01
1.227579684928059578e-01
1.227574702352285385e-01
1.227570651099085808e-01
1.227565798908472061e-01
1.227562082931399345e-01
1.227556942030787468e-01
1.227553207427263260e-01
1.227548308670520782e-01
1.227544629946351051e-01
1.227539842948317528e-01
1.227536005899310112e-01
1.227531563490629196e-01
1.227527428418397903e-01
1.227523433044552803e-01
1.227518497034907341e-01
1.227516299113631248e-01
1.227510189637541771e-01
1.227507004514336586e-01
1.227501789107918739e-01
1.227498361840844154e-01
1.227493071928620338e-01
1.227490110322833061e-01
1.227484941482543945e-01
1.227480880916118622e-01
1.227476513013243675e-01
1.227471623569726944e-01
1.227467739954590797e-01
1.227462431415915489e-01
1.227459302172064781e-01
1.227453779429197311e-01
1.227450566366314888e-01
1.227445695549249649e-01
1.227442724630236626e-01
1.227437974885106087e-01
1.227435534819960594e-01
1.227431036531925201e-01
1.227428400889039040e-01
1.227424759417772293e-01
1.227421853691339493e-01
1.227418063208460808e-01
1.227415213361382484e-01
1.227411720901727676e-01
1.227408749982714653e-01
1.227405034005641937e-01
1.227402649819850922e-01
1.227399026975035667e-01
1.227396046742796898e-01
1.227393075823783875e-01
1.227389574050903320e-01
1.227388223633170128e-01
1.227383911609649658e-01
1.227381406351923943e-01
1.227378211915493011e-01
1.227375390008091927e-01
1.227372717112302780e-01
1.227369820699095726e-01
1.227367529645562172e-01
1.227364027872681618e-01
1.227361829951405525e-01
1.227357499301433563e-01
1.227355338633060455e-01
1.227351929992437363e-01
1.227348698303103447e-01
1.227346491068601608e-01
1.227342495694756508e-01
1.227340409532189369e-01
1.227337066084146500e-01
1.227334495633840561e-01
1.227331431582570076e-01
1.227329792454838753e-01
1.227324958890676498e-01
1.227323655039072037e-01
1.227318802848458290e-01
1.227317890152335167e-01
1.227313280105590820e-01
1.227311687543988228e-01
1.227308046072721481e-01
1.227305699139833450e-01
1.227302597835659981e-01
1.227300353348255157e-01
1.227296851575374603e-01
1.227294784039258957e-01
1.227291757240891457e-01
1.227289121598005295e-01
1.227286588400602341e-01
1.227284017950296402e-01
1.227281605824828148e-01
1.227277964353561401e-01
1.227276232093572617e-01
1.227272776886820793e-01
1.227270253002643585e-01
1.227267086505889893e-01
1.227264683693647385e-01
1.227261982858181000e-01
1.227258713915944099e-01
1.227256711572408676e-01
1.227253926917910576e-01
1.227251440286636353e-01
1.227248972281813622e-01
1.227246383205056190e-01
1.227244269102811813e-01
1.227240376174449921e-01
1.227239444851875305e-01
1.227234508842229843e-01
1.227232730016112328e-01
1.227229889482259750e-01
1.227226704359054565e-01
1.227224078029394150e-01
1.227221917361021042e-01
1.227219030261039734e-01
1.227216850966215134e-01
1.227213600650429726e-01
1.227211551740765572e-01
1.227208767086267471e-01
1.227206140756607056e-01
1.227204101160168648e-01
1.227200366556644440e-01
1.227199509739875793e-01
1.227194955572485924e-01
1.227194201201200485e-01
1.227190177887678146e-01
1.227188007906079292e-01
1.227185903117060661e-01
1.227183304727077484e-01
1.227180054411292076e-01
1.227178275585174561e-01
1.227176142856478691e-01
1.227172575891017914e-01
1.227170955389738083e-01
1.227167872712016106e-01
1.227165246382355690e-01
1.227163113653659821e-01
1.227159257978200912e-01
1.227157879620790482e-01
1.227154005318880081e-01
1.227151798084378242e-01
1.227148780599236488e-01
1.227146834135055542e-01
1.227142671123147011e-01
1.227141711860895157e-01
1.227137576788663864e-01
1.227136217057704926e-01
1.227131411433219910e-01
1.227131281048059464e-01
1.227126037701964378e-01
1.227124752476811409e-01
1.227121027186512947e-01
1.227119741961359978e-01
1.227114861831068993e-01
1.227114843204617500e-01
1.227108985185623169e-01
1.227109618484973907e-01
1.227104198187589645e-01
1.227103723213076591e-01
1.227099345996975899e-01
1.227099923416972160e-01
1.227093609049916267e-01
1.227094782516360283e-01
1.227088561281561852e-01
1.227090200409293175e-01
1.227082004770636559e-01
1.227083336561918259e-01
1.227077785879373550e-01
1.227077627554535866e-01
1.227070633322000504e-01
1.227073678746819496e-01
1.227065576240420341e-01
1.227067112922668457e-01
1.227061655372381210e-01
1.227062148973345757e-01
1.227056784555315971e-01
1.227057287469506264e-01
1.227052127942442894e-01
1.227053515613079071e-01
1.227047098800539970e-01
1.227048849686980247e-01
1.227043345570564270e-01
1.227044183760881424e-01
1.227039173245429993e-01
1.227040244266390800e-01
1.227035466581583023e-01
1.227036816999316216e-01
1.227029627189040184e-01
1.227033473551273346e-01
1.227026097476482391e-01
1.227028546854853630e-01
1.227020183578133583e-01
1.227023331448435783e-01
1.227013971656560898e-01
1.227017035707831383e-01
1.227005617693066597e-01
1.227010637521743774e-01
1.226998362690210342e-01
1.227001650258898735e-01
1.226992551237344742e-01
1.226995019242167473e-01
1.226986292749643326e-01
1.226988416165113449e-01
1.226981896907091141e-01
1.226982567459344864e-01
1.226976728066802025e-01
1.226978572085499763e-01
1.226971996948122978e-01
1.226974893361330032e-01
1.226968523114919662e-01
1.226971801370382309e-01
1.226966194808483124e-01
1.226969864219427109e-01
1.226962255313992500e-01
1.226971233263611794e-01
1.226960830390453339e-01
1.226969016715884209e-01
1.226962581276893616e-01
1.226967293769121170e-01
1.226960197091102600e-01
1.226965524256229401e-01
1.226954236626625061e-01
1.226960886269807816e-01
1.226946143433451653e-01
1.226952709257602692e-01
1.226938208565115929e-01
1.226943219080567360e-01
1.226931642740964890e-01
1.226935377344489098e-01
1.226924462243914604e-01
1.226929295808076859e-01
1.226920513436198235e-01
1.226922199130058289e-01
1.226915894076228142e-01
1.226918967440724373e-01
1.226909365504980087e-01
1.226917812600731850e-01
1.226906329393386841e-01
1.226913230493664742e-01
1.226905444636940956e-01
1.226910157129168510e-01
1.226906124502420425e-01
1.226912699639797211e-01
1.226904615759849548e-01
1.226918576285243034e-01
1.226908992975950241e-01
1.226927312090992928e-01
1.226914534345269203e-01
1.226934092119336128e-01
1.226917067542672157e-01
1.226929435506463051e-01
1.226906497031450272e-01
1.226913928985595703e-01
1.226886352524161339e-01
1.226893803104758263e-01
1.226869290694594383e-01
1.226875996217131615e-01
1.226859111338853836e-01
1.226862687617540359e-01
1.226854957640171051e-01
1.226852983236312866e-01
1.226850021630525589e-01
1.226847479119896889e-01
1.226844321936368942e-01
1.226843437179923058e-01
1.226837588474154472e-01
1.226838426664471626e-01
1.226831721141934395e-01
1.226832522079348564e-01
1.226827967911958694e-01
1.226823301985859871e-01
1.226823916658759117e-01
1.226817201822996140e-01
1.226816149428486824e-01
1.226814752444624901e-01
1.226812228560447693e-01
1.226812740787863731e-01
1.226812116801738739e-01
1.226817080751061440e-01
1.226822976022958755e-01
1.226842226460576057e-01
1.226864019408822060e-01
1.226922050118446350e-01
1.226982800289988518e-01
1.227053888142108917e-01
1.227109041064977646e-01
1.226943694055080414e-01
1.226892769336700439e-01
1.226720456033945084e-01
1.226827232167124748e-01
1.226742966100573540e-01
1.226797541603446007e-01
1.226747166365385056e-01
1.226779371500015259e-01
1.226751757785677910e-01
1.226769201457500458e-01
1.226747874170541763e-01
1.226764731109142303e-01
1.226745070889592171e-01
1.226755790412425995e-01
1.226744381710886955e-01
1.226746849715709686e-01
1.226742481812834740e-01
1.226742891594767570e-01
1.226734723895788193e-01
1.226741010323166847e-01
1.226729582995176315e-01
1.226734211668372154e-01
1.226726695895195007e-01
1.226728418841958046e-01
1.226722113788127899e-01
1.226721648126840591e-01
1.226720949634909630e-01
1.226712204515933990e-01
1.226718500256538391e-01
1.226707855239510536e-01
1.226711850613355637e-01
1.226704502478241920e-01
1.226703608408570290e-01
1.226703291758894920e-01
1.226694071665406227e-01
1.226700469851493835e-01
1.226689135655760765e-01
1.226694406941533089e-01
1.226684292778372765e-01
1.226685736328363419e-01
1.226684320718050003e-01
1.226676199585199356e-01
1.226681182160973549e-01
1.226671403273940086e-01
1.226672763004899025e-01
1.226670295000076294e-01
1.226665228605270386e-01
1.226666457951068878e-01
1.226658867672085762e-01
1.226662443950772285e-01
1.226652907207608223e-01
1.226656604558229446e-01
1.226653372868895531e-01
1.226649871096014977e-01
1.226656185463070869e-01
1.226650327444076538e-01
1.226675277575850487e-01
1.226660571992397308e-01
1.226731175556778908e-01
1.226722961291670799e-01
1.226938245818018913e-01
1.227056169882416725e-01
1.227496340870857239e-01
1.227616323158144951e-01
1.227085236459970474e-01
1.226647570729255676e-01
1.226749531924724579e-01
1.226616781204938889e-01
1.226616306230425835e-01
1.226596133783459663e-01
1.226602848619222641e-01
1.226581409573554993e-01
1.226590806618332863e-01
1.226580375805497169e-01
1.226579155772924423e-01
1.226577740162611008e-01
1.226573456078767776e-01
1.226573335006833076e-01
1.226565465331077576e-01
1.226571137085556984e-01
1.226562680676579475e-01
1.226562261581420898e-01
1.226558396592736244e-01
1.226558145135641098e-01
1.226551681756973267e-01
1.226553265005350113e-01
1.226545805111527443e-01
1.226548496633768082e-01
1.226539928466081619e-01
1.226542685180902481e-01
1.226535784080624580e-01
1.226534619927406311e-01
1.226533148437738419e-01
1.226528491824865341e-01
1.226525660604238510e-01
1.226524198427796364e-01
1.226525437086820602e-01
1.226513637229800224e-01
1.226517884060740471e-01
1.226511765271425247e-01
1.226509772241115570e-01
1.226505832746624947e-01
1.226504687219858170e-01
1.226499518379569054e-01
1.226495448499917984e-01
1.226497478783130646e-01
1.226486656814813614e-01
1.226489404216408730e-01
1.226484291255474091e-01
1.226478619500994682e-01
1.226480519399046898e-01
1.226471774280071259e-01
1.226471578702330589e-01
1.226468598470091820e-01
1.226460123434662819e-01
1.226466437801718712e-01
1.226450242102146149e-01
1.226461008191108704e-01
1.226450158283114433e-01
1.226443815976381302e-01
1.226451573893427849e-01
1.226431811228394508e-01
1.226435229182243347e-01
1.226452393457293510e-01
1.226400043815374374e-01
1.226493176072835922e-01
1.226377701386809349e-01
1.226473804563283920e-01
1.226438125595450401e-01
1.226432267576456070e-01
1.226587733253836632e-01
1.226402036845684052e-01
1.226601041853427887e-01
1.226420979946851730e-01
1.226492421701550484e-01
1.226567821577191353e-01
1.226335344836115837e-01
1.226595491170883179e-01
1.226198570802807808e-01
1.226486973464488983e-01
1.226256247609853745e-01
1.226346287876367569e-01
1.226378642022609711e-01
1.226233392953872681e-01
1.226442866027355194e-01
1.226197453215718269e-01
1.226400937885046005e-01
1.226241113618016243e-01
1.226287605240941048e-01
1.226324280723929405e-01
1.226209402084350586e-01
1.226326823234558105e-01
1.226236410439014435e-01
1.226216694340109825e-01
1.226352844387292862e-01
1.226129066199064255e-01
1.226416388526558876e-01
1.226112833246588707e-01
1.226396113634109497e-01
1.226117527112364769e-01
1.226304611191153526e-01
1.226121382787823677e-01
1.226271139457821846e-01
1.226058937609195709e-01
1.226307852193713188e-01
1.226053014397621155e-01
1.226233923807740211e-01
1.226102532818913460e-01
1.226180847734212875e-01
1.226041354238986969e-01
1.226378548890352249e-01
1.226084949448704720e-01
1.226651482284069061e-01
1.226141965016722679e-01
1.227036090567708015e-01
1.226174719631671906e-01
1.226713489741086960e-01
1.226012231782078743e-01
1.226202500984072685e-01
1.226141015067696571e-01
1.226005880162119865e-01
1.226244242861866951e-01
1.225942820310592651e-01
1.226093079894781113e-01
1.226133098825812340e-01
1.225938694551587105e-01
1.226153206080198288e-01
1.225993959233164787e-01
1.225990587845444679e-01
1.226177578791975975e-01
1.225937185809016228e-01
1.226011505350470543e-01
1.226167874410748482e-01
1.225905111059546471e-01
1.226047184318304062e-01
1.226106053218245506e-01
1.225890498608350754e-01
1.226057289168238640e-01
1.226030904799699783e-01
1.225869096815586090e-01
1.226086085662245750e-01
1.225982448086142540e-01
