4.361956734210252762e-01
2.531195823103189468e-01
2.466820701956748962e-01
2.430154141038656235e-01
2.402471564710140228e-01
2.395262885838747025e-01
2.402466740459203720e-01
2.409350033849477768e-01
2.405916899442672729e-01
2.408282198011875153e-01
2.413140032440423965e-01
2.409912217408418655e-01
2.398735135793685913e-01
2.376142330467700958e-01
2.325792089104652405e-01
2.212334610521793365e-01
2.111818213015794754e-01
2.003322485834360123e-01
1.927095036953687668e-01
1.891161538660526276e-01
1.805166993290185928e-01
1.714406665414571762e-01
1.674767211079597473e-01
1.679267231374979019e-01
1.618649046868085861e-01
1.550557184964418411e-01
1.527390219271183014e-01
1.505520436912775040e-01
1.467292066663503647e-01
1.453594025224447250e-01
1.396657917648553848e-01
1.332324482500553131e-01
1.331215854734182358e-01
1.370485723018646240e-01
1.354978680610656738e-01
1.380389183759689331e-01
1.374927824363112450e-01
1.241116886958479881e-01
1.226843390613794327e-01
1.231788983568549156e-01
1.177670154720544815e-01
1.135463220998644829e-01
1.170518230646848679e-01
1.235124142840504646e-01
1.224921680986881256e-01
1.171307917684316635e-01
1.246050968766212463e-01
1.218537800014019012e-01
1.219505760818719864e-01
1.160981422290205956e-01
1.062432294711470604e-01
1.029798621311783791e-01
9.895903244614601135e-02
9.895450528711080551e-02
9.764739498496055603e-02
9.954171907156705856e-02
9.777684696018695831e-02
9.954233746975660324e-02
9.313382394611835480e-02
1.010651597753167152e-01
1.081775482743978500e-01
1.072555445134639740e-01
9.983134362846612930e-02
1.013324661180377007e-01
9.803441446274518967e-02
1.125606726855039597e-01
1.136922808364033699e-01
1.116659343242645264e-01
1.139846937730908394e-01
1.174975801259279251e-01
1.186164859682321548e-01
1.218669246882200241e-01
1.156508037820458412e-01
1.068332521244883537e-01
9.821707289665937424e-02
8.674075733870267868e-02
7.924110163003206253e-02
7.506675273180007935e-02
7.220897404477000237e-02
6.943923793733119965e-02
6.773698935285210609e-02
6.276641367003321648e-02
6.243949756026268005e-02
6.683918368071317673e-02
6.991469906643033028e-02
6.314533390104770660e-02
6.751622119918465614e-02
7.146068802103400230e-02
8.085241913795471191e-02
7.984309643507003784e-02
7.767948601394891739e-02
6.256671249866485596e-02
5.660999473184347153e-02
4.968686262145638466e-02
4.707607859745621681e-02
4.788208846002817154e-02
4.782814811915159225e-02
4.152875300496816635e-02
4.113038023933768272e-02
4.372833669185638428e-02
4.497053753584623337e-02
4.282844718545675278e-02
4.398550372570753098e-02
4.035837156698107719e-02
4.563428065739572048e-02
4.682954400777816772e-02
3.957979148253798485e-02
3.133341111242771149e-02
2.760829287581145763e-02
2.338795433752238750e-02
1.983564649708569050e-02
1.890094834379851818e-02
1.505547459237277508e-02
1.263601274695247412e-02
1.035427185706794262e-02
8.809219638351351023e-03
7.755181519314646721e-03
7.245500921271741390e-03
6.955250806640833616e-03
6.087756715714931488e-03
6.110067944973707199e-03
4.978602868504822254e-03
5.240655649686232209e-03
4.405248124385252595e-03
4.162757337326183915e-03
3.701272857142612338e-03
3.488661226583644748e-03
2.939210535259917378e-03
2.609338378533720970e-03
2.406915940809994936e-03
2.210881386417895555e-03
2.312412376340944320e-03
2.180116644012741745e-03
2.068800931738223881e-03
2.005193971854168922e-03
1.599776245711836964e-03
1.428172523446846753e-03
1.050926162861287594e-03
9.749411838129162788e-04
1.370142890664283186e-03
1.840798868215642869e-03
1.660623951465822756e-03
1.504769003076944500e-03
1.378254746668972075e-03
1.046377576130907983e-03
1.076501313946209848e-03
1.181375693704467267e-03
1.212088529428001493e-03
1.549508480820804834e-03
1.403952905093319714e-03
1.261591991351451725e-03
1.013435474305879325e-03
8.832036182866431773e-04
7.780134292261209339e-04
1.006097016215790063e-03
1.887637823529075831e-03
1.888180573587305844e-03
1.675436098594218493e-03
1.436784812540281564e-03
1.380156223603989929e-03
1.118111926189158112e-03
9.582203092577401549e-04
7.112541316018905491e-04
7.698567969782743603e-04
5.853463044331874698e-04
6.706128042424097657e-04
7.013026333879679441e-04
8.424095285590738058e-04
7.809495109540876001e-04
6.842373950348701328e-04
7.904348713054787368e-04
7.448537216987460852e-04
8.036873477976769209e-04
6.480879856098908931e-04
7.318502939597237855e-04
9.280730155296623707e-04
9.797084567253477871e-04
7.619132084073498845e-04
5.917730923101771623e-04
5.216880090301856399e-04
6.816505301685538143e-04
9.239657665602862835e-04
9.734647319419309497e-04
9.342589619336649776e-04
8.707997039891779423e-04
1.061308197677135468e-03
9.944331977749243379e-04
9.361433076264802366e-04
1.071883663826156408e-03
1.079620386008173227e-03
8.921466069296002388e-04
9.320898316218517721e-04
9.244766552001237869e-04
8.054462305153720081e-04
7.400460672215558589e-04
1.033512911817524582e-03
1.025533078063745052e-03
1.457969163311645389e-03
1.416110120771918446e-03
1.237105490872636437e-03
1.159760788141284138e-03
9.557940647937357426e-04
8.559568523196503520e-04
7.850951151340268552e-04
8.304229268105700612e-04
9.633242734707891941e-04
8.904689420887734741e-04
9.005694519146345556e-04
1.136143619078211486e-03
1.222614664584398270e-03
1.465169756556861103e-03
1.257793279364705086e-03
1.180511717393528670e-03
1.188683912914711982e-03
1.073479521437548101e-03
9.136252701864577830e-04
7.971925660967826843e-04
7.223924403660930693e-04
7.332536042667925358e-04
7.196408841991797090e-04
7.476700047845952213e-04
9.139505709754303098e-04
9.958470036508515477e-04
1.017201480863150209e-03
7.821512990631163120e-04
6.791459090891294181e-04
5.412249811342917383e-04
5.682611190422903746e-04
4.240494927216786891e-04
4.213879583403468132e-04
3.087221357418457046e-04
2.603908142191357911e-04
1.972027694137068465e-04
2.012733402807498351e-04
1.714758163871010765e-04
1.854854999692179263e-04
1.903782613226212561e-04
1.761389821695047431e-04
1.868228273451677524e-04
1.482180496168439277e-04
1.580023317728773691e-04
1.329459819316980429e-04
1.602343427293817513e-04
1.444979834559489973e-04
1.961578072950942442e-04
1.977856090888963081e-04
2.351394014112884179e-04
2.740786094364011660e-04
2.440101761749247089e-04
3.105236664850963280e-04
2.669709756446536630e-04
3.290401600679615512e-04
3.744500409084139392e-04
4.320425723562948406e-04
5.757712351623922586e-04
6.482698663603514433e-04
7.713435006735380739e-04
9.336468501714989543e-04
9.707728240755386651e-04
1.164653651358094066e-03
1.065347387338988483e-03
1.342194074823055416e-03
1.157604157924652100e-03
1.570099309901706874e-03
1.874330948339775205e-03
3.015520298504270613e-03
5.710543890018016100e-03
1.146314234938472509e-02
1.575563475489616394e-02
1.784310908988118172e-02
2.010173024609684944e-02
2.185067022219300270e-02
2.543380274437367916e-02
3.054224979132413864e-02
2.701367088593542576e-02
2.298195892944931984e-02
2.489311364479362965e-02
2.301840065047144890e-02
2.241060370579361916e-02
2.625549561344087124e-02
2.376754954457283020e-02
1.886976358946412802e-02
2.594232663977891207e-02
2.961444412358105183e-02
2.990282629616558552e-02
3.613537433557212353e-02
3.424333222210407257e-02
4.221438965760171413e-02
3.808436216786503792e-02
3.592358040623366833e-02
3.324917587451636791e-02
3.236173023469746113e-02
4.568075016140937805e-02
4.934250004589557648e-02
3.142932872287929058e-02
2.502596052363514900e-02
1.293282781261950731e-02
7.606244063936173916e-03
5.476512596942484379e-03
3.395043109776452184e-03
2.084666746668517590e-03
1.524838386103510857e-03
1.074782761861570179e-03
7.860231271479278803e-04
7.505026078433729708e-04
6.642732078034896404e-04
5.712705315090715885e-04
4.308270326873753220e-04
5.388181671150960028e-04
4.881697350356262177e-04
4.435670962266158313e-04
2.741699136095121503e-04
2.669440891622798517e-04
2.985105820698663592e-04
2.899481514759827405e-04
3.226916523999534547e-04
1.874865720310481265e-04
1.639208530832547694e-04
1.453183704143157229e-04
2.052294548775535077e-04
3.779164235311327502e-04
2.651670665727579035e-04
1.719911679174401797e-04
1.347668348898878321e-04
1.303630879192496650e-04
1.295406682402244769e-04
2.964892646559746936e-04
1.389437002217164263e-04
1.538771730338339694e-04
2.991979736179928295e-04
1.205772041430464014e-04
1.209673400808242150e-04
9.020795505421119742e-05
8.468457735943957232e-05
6.438061973312869668e-05
5.125173265696503222e-05
4.416731644596438855e-05
3.995677070633973926e-05
3.723283089129836299e-05
3.506953544274438173e-05
3.349812232045223936e-05
3.192463100276654586e-05
3.067193529204814695e-05
2.948593532892118674e-05
2.842544495251786429e-05
2.735368184403341729e-05
2.634207316987158265e-05
2.543125538068125024e-05
2.458441122143995017e-05
2.376046950303134508e-05
2.295211493219539989e-05
2.218897930106322747e-05
2.148374755961413030e-05
2.081828915834194049e-05
2.017285464717133436e-05
1.954106960511126090e-05
1.894047795758524444e-05
1.837926265579881147e-05
1.784806386240234133e-05
1.733263866299239453e-05
1.682851893747283611e-05
1.634542638839775464e-05
1.589008070368436165e-05
1.545887027987191686e-05
1.504213309999613557e-05
1.463376656829495914e-05
1.423804667410877300e-05
1.386225756050407654e-05
1.350687398371519521e-05
1.316562804731802316e-05
1.283133201468444895e-05
1.250353875548171345e-05
1.218846796291472856e-05
1.189040267490781844e-05
1.160706426617252873e-05
1.133179819134966237e-05
1.105936985368316527e-05
1.079224421118851751e-05
1.053717141985544004e-05
1.029690929499338381e-05
1.006815296022978146e-05
9.843348493632220197e-06
9.617960017749282997e-06
9.396144719175936189e-06
9.185926387544895988e-06
8.990147307486040518e-06
8.805112031495809788e-06
8.621663369012821931e-06
8.432483525666611968e-06
8.243602678703609854e-06
8.066649229476752225e-06
7.906199243734590709e-06
7.759708239518658957e-06
7.615838171659561340e-06
7.458716652308794437e-06
7.292479949683183804e-06
7.139656531762739178e-06
7.009507896782452008e-06
6.901579979512462160e-06
6.812934486788435606e-06
6.710022773859236622e-06
6.567762852682790253e-06
6.436870535253547132e-06
6.361939256294135703e-06
6.317947679690405494e-06
6.333938927127746865e-06
6.443284291890449822e-06
6.493832415799261071e-06
6.443283893986517796e-06
6.622649209475639509e-06
7.099036963609250961e-06
7.557503238331264583e-06
8.416654907250631368e-06
1.031056268629981787e-05
1.221883832158709993e-05
1.367027914511709241e-05
1.776219085058983183e-05
2.561294240877032280e-05
3.294053499303117860e-05
4.283760881662601605e-05
6.771270659555739257e-05
1.012107923088478856e-04
1.283665892515273299e-04
1.843146019382402301e-04
3.078335066675208509e-04
4.340915220382157713e-04
5.649168615491362289e-04
9.162093228951562196e-04
1.254924460226902738e-03
1.460711602703668177e-03
2.226475371571723372e-03
2.108558117470238358e-03
2.652798037161119282e-03
1.980614142667036504e-03
1.585787620570044965e-03
1.272170426091179252e-03
1.103778151446022093e-03
4.919342936773318797e-04
6.139532561064697802e-04
4.627143134712241590e-04
3.644305561465444043e-04
2.594381576273008250e-04
1.170426212411257438e-04
9.122542769546271302e-05
6.229673272173386067e-05
4.816894806936034001e-05
3.512198168209579308e-05
2.634208112795022316e-05
2.005800149618153227e-05
1.538698791136994259e-05
1.356323832624184433e-05
1.153671041720372159e-05
1.052923994393495377e-05
9.957743827726517338e-06
9.585963141489628470e-06
9.338549034509924240e-06
9.358343049825634807e-06
9.648489992741815513e-06
9.748822776600718498e-06
1.018177187006585882e-05
1.039976541505893692e-05
1.105625182162839337e-05
1.099453976394215715e-05
1.155004713382368209e-05
1.153343100668280385e-05
1.148496284031352843e-05
1.116790946298351628e-05
1.142233577411388978e-05
1.052418247127206996e-05
1.050043908890074817e-05
1.002719295684073586e-05
9.821881349125760607e-06
9.205920036947645713e-06
8.894227221389883198e-06
8.643714238587563159e-06
8.792316236849728739e-06
8.185893221934747999e-06
8.200148272408114281e-06
8.291036522223294014e-06
8.856210001795261633e-06
9.122640335590403993e-06
8.773680747253820300e-06
9.274335923237231327e-06
1.088509804958448512e-05
1.205622157840480213e-05
1.279556374811363639e-05
1.317806476208716049e-05
1.629190131779978401e-05
2.139496257314021932e-05
2.475074887797745760e-05
2.642711706357658841e-05
2.981465604534605518e-05
4.031290461625758326e-05
5.440726044980692677e-05
6.211999880179064348e-05
6.688911412311426830e-05
8.446084120805608109e-05
1.210688778883195482e-04
1.510060051259642933e-04
1.565075681355665438e-04
1.764867847668938339e-04
2.398307792645937297e-04
2.834860742950695567e-04
2.658952848832996096e-04
3.002014273079112172e-04
3.778908821914228611e-04
3.267062375016394071e-04
2.936724204118945636e-04
3.344803608342772350e-04
2.644628284542704932e-04
2.449867406539851800e-04
2.641827923071105033e-04
2.073560926874051802e-04
2.120886365446494892e-04
1.998061652557225898e-04
1.717825753075885586e-04
2.091797241519088857e-04
1.859497588156955317e-04
2.106929960064007901e-04
2.323711669305339456e-04
2.226412179879844189e-04
2.974617891595698893e-04
2.947833163489121944e-04
3.881744451064150780e-04
4.262677903170697391e-04
4.502479532675351948e-04
5.643452350341249257e-04
5.181755623198114336e-04
5.974999476165976375e-04
6.216629481059499085e-04
5.641832722176332027e-04
5.969695084786508232e-04
6.507872021757066250e-04
6.242286399356089532e-04
5.179155414225533605e-04
5.310738742991816252e-04
4.083114763488993049e-04
3.980239089287351817e-04
2.891719395847758278e-04
2.918452119047287852e-04
2.155551428586477414e-04
1.939828298418433405e-04
1.408687912771711126e-04
1.205343655783508439e-04
9.318588217865908518e-05
8.352402301170513965e-05
7.222125123007572256e-05
6.804782401559350546e-05
7.899929892118962016e-05
7.132747214200207964e-05
8.693332847542478703e-05
8.437849919573636726e-05
9.280869471695041284e-05
7.873498861954431050e-05
8.812860232865205035e-05
8.129869775075349025e-05
7.494946476072072983e-05
8.565487223677337170e-05
8.800758951110765338e-05
8.229927470893017016e-05
9.430634509044466540e-05
1.127008104049309622e-04
1.075986638170434162e-04
1.395779131598828826e-04
1.701226528894039802e-04
1.728962406559730880e-04
1.961671368917450309e-04
2.425347829557722434e-04
2.413563506706850603e-04
2.709457039600238204e-04
3.253827217122307047e-04
2.755219402388320304e-04
3.064229886149405502e-04
3.074492815358098596e-04
2.969706165458774194e-04
3.721157572726951912e-04
3.096921373071381822e-04
3.256775817135348916e-04
3.574674210540251806e-04
3.606329155445564538e-04
4.402321719680912793e-04
4.077762914675986394e-04
4.137798732699593529e-04
4.357110792625462636e-04
3.810879115917487070e-04
5.141757555975345895e-04
4.375714943307684734e-04
6.258012690523173660e-04
5.706158081011381000e-04
7.510605901188682765e-04
7.740906003164127469e-04
9.505710258963517845e-04
1.140985739766620100e-03
3.321404976304620504e-03
2.971886962768621743e-03
4.095100041013211012e-03
5.690793361281976104e-03
6.822432944318279624e-03
9.780127787962555885e-03
1.398814981803297997e-02
2.600664016790688038e-02
3.428818937391042709e-02
3.395233047194778919e-02
3.361086337827146053e-02
3.002054197713732719e-02
2.591381652746349573e-02
2.235687407664954662e-02
1.906487764790654182e-02
2.307087671943008900e-02
1.805678650271147490e-02
1.527193293441087008e-02
1.409422291908413172e-02
1.584136084420606494e-02
1.524240337312221527e-02
2.286158048082143068e-02
2.713249670341610909e-02
2.575341390911489725e-02
2.528623247053474188e-02
1.604643685277551413e-02
1.432374538853764534e-02
9.519642335362732410e-03
9.242369094863533974e-03
7.059756841044872999e-03
6.538327230373397470e-03
6.467111554229632020e-03
1.558318382012657821e-02
1.115832012146711349e-02
1.251961314119398594e-02
1.796969183487817645e-02
1.410731032956391573e-02
1.580356433987617493e-02
1.278611115412786603e-02
8.286211814265698195e-03
5.917399190366268158e-03
4.061491315951570868e-03
2.492936808266676962e-03
2.797370252665132284e-03
1.877385577245149761e-03
1.430345524568110704e-03
9.709672449389472604e-04
6.197585098561830819e-04
5.250930444162804633e-04
4.494466520554851741e-04
3.574772290448890999e-04
2.560616721893893555e-04
1.874856325230211951e-04
1.462410618842113763e-04
1.096943706215824932e-04
9.945252986653940752e-05
1.045689568854868412e-04
3.747611945073003881e-04
3.424386923143174499e-04
4.332277094363234937e-04
3.079906846323865466e-04
2.471405523465364240e-04
1.285664093302330002e-04
2.351023695155163296e-04
2.609310054140223656e-04
2.410551282991946209e-04
1.355572740067145787e-04
1.604947860869287979e-04
1.427104452886851504e-04
1.198727181872527581e-04
1.435355547982908320e-04
1.507194788246124517e-04
1.152141912825754844e-04
1.119695994020730723e-04
1.309332069467927795e-04
1.295645579375559464e-04
1.194200954159896355e-04
1.140455929089512210e-04
1.220700949033926008e-04
1.149866211562766694e-04
1.218570196215296164e-04
1.098402110528695630e-04
1.221647526108426973e-04
1.073443268069240730e-04
1.190575771943258587e-04
1.106818770040263189e-04
1.231736594036192400e-04
1.011777110306866234e-04
1.027214846089918865e-04
1.173839921193575719e-04
1.432273804766737157e-04
8.144071580318268389e-05
4.758803561344393529e-05
2.564293890827684663e-05
1.963043882824422326e-05
1.544440056022722274e-05
1.387152269671787508e-05
1.279189416436565807e-05
1.190971715914201923e-05
1.140556969403405674e-05
1.090317437046905980e-05
1.052218169661500724e-05
1.015813802496268181e-05
9.827374810811306816e-06
9.513060376775683835e-06
9.220687388733495027e-06
8.948686058829480316e-06
8.690551226209208835e-06
8.447539471490017604e-06
8.213105843424273189e-06
7.990128324308898300e-06
7.777970608913165051e-06
7.575002939574915217e-06
7.381451609944633674e-06
7.195535317805479281e-06
7.017908103534864495e-06
6.847036047474830411e-06
6.682806599656032631e-06
6.524462946799758356e-06
6.372080974870186765e-06
6.225403694770648144e-06
6.084195831590477610e-06
5.947928855221107369e-06
5.816403870539943455e-06
5.689274360065610381e-06
5.566369054577080533e-06
5.447447108508640667e-06
5.332388980150426505e-06
5.220925118010200094e-06
5.113015959068434313e-06
5.008466416711598868e-06
4.907169682155654300e-06
4.808859102922724560e-06
4.713460214134101989e-06
4.620781794528738828e-06
4.530862611318298150e-06
4.443333693870954448e-06
4.358553155725530814e-06
4.275951141607947648e-06
4.196091424546466442e-06
4.118295635180402314e-06
4.043850537982507376e-06
3.972077735170387314e-06
3.906226567096382496e-06
3.847579222338026739e-06
3.807341215633641696e-06
3.800919586183226784e-06
3.877851497691153781e-06
4.141714015304387431e-06
4.832288254874583799e-06
6.510546512572545907e-06
9.806043379967377405e-06
1.555453425794439681e-05
1.835957107232388807e-05
1.633290315794511116e-05
7.721809140548430150e-06
4.560927777674805839e-06
4.359857058489069459e-06
4.277144569186930312e-06
3.712222650165131199e-06
3.624921561140581616e-06
3.432545895520888735e-06
3.359519212153827539e-06
3.178785505042469595e-06
3.140729404549347237e-06
2.976202068794009392e-06
2.929196114109799964e-06
2.808849330904195085e-06
2.765401461601868505e-06
2.674618883702351013e-06
2.632922559087091940e-06
2.568822225157418870e-06
2.528510179899967625e-06
2.475758691389273736e-06
2.441531222530102241e-06
2.396023802475610864e-06
2.368445763067938969e-06
2.331043674530519638e-06
2.316995221463002963e-06
2.282593499103313661e-06
2.279941185179268359e-06
2.252107705658090708e-06
2.268998073873262911e-06
2.246389016136163264e-06
2.291801749265687249e-06
2.274374864441597310e-06
2.360287922442694253e-06
2.329514757093420485e-06
2.449404405524546746e-06
2.368815628983611532e-06
2.479852255987680110e-06
2.336080072495860804e-06
2.393768028241538559e-06
2.220102544470137218e-06
2.207924723052201443e-06
2.072881017056715791e-06
2.033639731280345586e-06
1.944419040000866516e-06
1.898903548180896905e-06
1.861325912955180684e-06
1.837626300016381720e-06
1.832836403536930447e-06
1.834363260400095896e-06
1.858926779618741421e-06
1.919493527680060652e-06
1.971028609659697395e-06
2.181393483624560758e-06
2.289984578851544939e-06
2.763124768989655422e-06
2.938903250537805434e-06
4.069339155421403120e-06
4.436351005665528646e-06
7.109810610472777626e-06
7.961034327763627516e-06
1.393755871959001524e-05
1.588799062801626860e-05
2.948220191001382773e-05
3.306403601754936972e-05
6.304710382210032549e-05
6.497753679468587507e-05
1.245919115717697423e-04
1.008957251542597078e-04
1.874985018730512820e-04
1.213854698107752483e-04
1.694222337391693145e-04
1.178040156446513720e-04
9.405431501363636926e-05
9.422464199815294705e-05
7.009097589616430923e-05
6.161269857329898514e-05
5.770435359409020748e-05
4.911342125524242874e-05
4.857322346651926637e-05
4.670578664445201866e-05
4.868340420216554776e-05
5.489359909915947355e-05
5.062693207946722396e-05
5.743003202951513231e-05
6.035214528310461901e-05
6.703807594021782279e-05
8.520098162989597768e-05
9.104883474719827063e-05
9.609505877961055376e-05
1.099065138987498358e-04
1.375010401716281194e-04
1.838409516494721174e-04
2.839720609699725173e-04
3.709605607582489029e-04
4.500482154981000349e-04
5.111231221235357225e-04
6.705769555992446840e-04
8.636026468593627214e-04
7.768943178234621882e-04
7.335294376389356330e-04
6.931825046194717288e-04
5.129611818119883537e-04
5.100359740026760846e-04
4.660321392293553799e-04
4.907422153337392956e-04
4.655880620703101158e-04
4.665429150918498635e-04
4.722091944131534547e-04
4.027091381431091577e-04
4.938582133036106825e-04
4.441362798388581723e-04
5.123370792716741562e-04
5.370224498619791120e-04
4.943971143802627921e-04
4.734438844025135040e-04
3.384468436706811190e-04
3.332839842187240720e-04
2.436692302580922842e-04
2.309883866473683156e-04
2.108943281200481579e-04
1.930595008161617443e-04
1.804972353056655265e-04
1.199367352455738001e-04
9.502339344180654734e-05
7.884279057179810479e-05
7.699103935010498390e-05
6.691409816994564608e-05
6.354122751872637309e-05
4.817407784685201477e-05
5.149261346559796948e-05
4.487335172598250210e-05
3.542373792697617318e-05
3.020102303707972169e-05
2.819693713718152139e-05
3.015646780113456771e-05
2.896261844398395624e-05
2.485748564140521921e-05
1.986045765534072416e-05
1.934608928877423750e-05
1.856915548614779254e-05
2.048558803835476283e-05
2.275887550240440760e-05
2.760612619567837100e-05
3.488088395897648297e-05
3.322574116282339673e-05
3.281373938079923391e-05
2.957122728730610106e-05
3.039571970475662965e-05
3.694320321301347576e-05
3.792310985772928689e-05
3.930263983420445584e-05
3.728208776010433212e-05
4.050550910505990032e-05
4.505248375608061906e-05
4.257234058968606405e-05
3.913319392268022057e-05
3.564386315701995045e-05
3.895820555044338107e-05
4.112813689971517306e-05
3.724009775396552868e-05
3.402835568522277754e-05
3.353474608047690708e-05
3.889655590683105402e-05
5.144123269928968512e-05
5.688959890903788619e-05
7.372850950559950434e-05
6.578587635885924101e-05
8.771202510615694337e-05
8.887922876965603791e-05
1.309310346186975949e-04
1.601780686542042531e-04
2.111848743879818358e-04
2.384308427281212062e-04
2.564691640145611018e-04
2.532676244300091639e-04
3.479792139842174947e-04
3.801770290010608733e-04
4.107889362785499543e-04
3.556066039891447872e-04
2.844465670932549983e-04
3.143073226965498179e-04
3.589353364077396691e-04
3.167145987390540540e-04
2.780152262857882306e-04
2.334457149117952213e-04
2.157429516955744475e-04
1.967948683159193024e-04
1.948111421370413154e-04
1.740843417792348191e-04
1.577013799760607071e-04
1.735340028972132131e-04
1.706307339190971106e-04
1.732796463329577819e-04
2.362273589824326336e-04
2.889779498218558729e-04
3.747763694263994694e-04
4.633378230209928006e-04
5.452330333355348557e-04
5.250188587524462491e-04
5.291515917633660138e-04
4.040468993480317295e-04
3.814858791884034872e-04
2.685682284209178761e-04
2.645407712407177314e-04
2.001863467739894986e-04
1.570977628944092430e-04
1.437859100406058133e-04
1.321261761404457502e-04
1.297798407904338092e-04
1.469766984882880934e-04
1.549301014165394008e-04
1.641868002479895949e-04
1.572952605783939362e-04
1.599602292117197067e-04
1.384504275847575627e-04
1.347098177575389855e-04
1.151826591012650169e-04
9.407380002812715247e-05
7.866475925766280852e-05
6.709809213134576567e-05
5.401851103670196608e-05
5.008485686630592681e-05
5.105586160425445996e-05
4.132927131195174297e-05
4.643824081540515181e-05
4.536695701062853914e-05
4.325332179178076331e-05
4.597913766701822169e-05
4.698904808719817083e-05
4.454941245057852939e-05
4.136812322030891664e-05
4.232430933370778803e-05
3.960148706028121524e-05
4.403305001687840559e-05
4.908629762212513015e-05
5.353262213247944601e-05
5.834704870721907355e-05
7.261839073180453852e-05
7.067313708830624819e-05
7.873145477788057178e-05
9.356868486065650359e-05
9.871224619928398170e-05
1.027617990985163487e-04
1.200626165882567875e-04
1.292409269808558747e-04
1.238305330844013952e-04
1.430389138477039523e-04
1.465298437324236147e-04
1.596412976141436957e-04
1.545136929053114727e-04
1.783592560968827456e-04
1.730377989588305354e-04
1.878946222859667614e-04
