7.603386871516704559e+00
6.903213411569595337e-01
5.339212268590927124e-01
4.662375189363956451e-01
3.320899717509746552e-01
2.579694986343383789e-01
2.454658094793558121e-01
2.280491236597299576e-01
2.223406601697206497e-01
2.149940058588981628e-01
2.081355750560760498e-01
2.014723066240549088e-01
1.943029202520847321e-01
1.870808824896812439e-01
1.787348166108131409e-01
1.707573011517524719e-01
1.633010394871234894e-01
1.561310645192861557e-01
1.491235196590423584e-01
1.419581677764654160e-01
1.349896481260657310e-01
1.280804844573140144e-01
1.212082598358392715e-01
1.143932500854134560e-01
1.077645011246204376e-01
1.014625551179051399e-01
9.513627085834741592e-02
8.873409871011972427e-02
8.245327603071928024e-02
7.630268670618534088e-02
7.100792042911052704e-02
6.644276110455393791e-02
6.293937796726822853e-02
6.369748339056968689e-02
6.582789774984121323e-02
6.483601080253720284e-02
5.711743189021945000e-02
5.288675380870699883e-02
5.259399302303791046e-02
5.199925322085618973e-02
5.730765638872981071e-02
6.081147678196430206e-02
7.254615053534507751e-02
9.380446048453450203e-02
1.272537251934409142e-01
9.939645975828170776e-02
6.630360847339034081e-02
5.585869867354631424e-02
6.631124764680862427e-02
5.770646268501877785e-02
4.346331814303994179e-02
3.573181806132197380e-02
3.421984822489321232e-02
3.679386293515563011e-02
3.984526777639985085e-02
3.925888543017208576e-02
3.541786735877394676e-02
3.338130819611251354e-02
3.194987028837203979e-02
3.075514291413128376e-02
3.230641759000718594e-02
3.499795496463775635e-02
3.223135974258184433e-02
3.078616200946271420e-02
2.917454461567103863e-02
2.565932110883295536e-02
2.519421069882810116e-02
2.606693049892783165e-02
2.482886170037090778e-02
2.518064703326672316e-02
2.657885570079088211e-02
2.667210181243717670e-02
2.640136680565774441e-02
2.548351883888244629e-02
2.835711417719721794e-02
3.109340684022754431e-02
2.786066173575818539e-02
2.828512375708669424e-02
2.475332969333976507e-02
2.000373718328773975e-02
1.901494141202419996e-02
1.741062453947961330e-02
1.559970981907099485e-02
1.534968870691955090e-02
1.391799782868474722e-02
1.306167943403124809e-02
1.272525801323354244e-02
1.220539538189768791e-02
1.190967706497758627e-02
1.186701748520135880e-02
1.169092982308939099e-02
1.150622603017836809e-02
1.181963877752423286e-02
1.231100806035101414e-02
1.180138683412224054e-02
1.124999084277078509e-02
1.154262758791446686e-02
1.143243128899484873e-02
1.102236309088766575e-02
1.097481814213097095e-02
1.052886963589116931e-02
1.128818752476945519e-02
1.265191793208941817e-02
1.255113224033266306e-02
1.242129149613901973e-02
1.341430074535310268e-02
1.570362999336794019e-02
1.283959631109610200e-02
1.187366252997890115e-02
1.050386123824864626e-02
8.257513574790209532e-03
8.234998997068032622e-03
7.949970138724893332e-03
6.716395058901980519e-03
7.211499789264053106e-03
6.537883629789575934e-03
5.762992106610909104e-03
6.012804165948182344e-03
5.723352194763720036e-03
4.879041487583890557e-03
5.104803974973037839e-03
4.828253819141536951e-03
4.117543518077582121e-03
4.369663918623700738e-03
5.354042077669873834e-03
5.475337646203115582e-03
5.723328562453389168e-03
6.409836700186133385e-03
7.040610071271657944e-03
7.709004799835383892e-03
7.779590145219117403e-03
6.840358779300004244e-03
7.409132202155888081e-03
6.712127767968922853e-03
8.536524197552353144e-03
8.891835226677358150e-03
7.473346078768372536e-03
6.974096118938177824e-03
7.258885510964319110e-03
7.904774683993309736e-03
7.311841036425903440e-03
6.071149080526083708e-03
6.712573231197893620e-03
6.542343850014731288e-03
5.342718650354072452e-03
6.591102894162759185e-03
7.250672962982207537e-03
6.388143869116902351e-03
6.719278404489159584e-03
6.674726959317922592e-03
6.456886942032724619e-03
6.574305938556790352e-03
5.990494857542216778e-03
5.231782764894887805e-03
4.708206164650619030e-03
4.454977286513894796e-03
4.875347978668287396e-03
4.648566537071019411e-03
4.550363082671537995e-03
4.450612730579450727e-03
5.142682406585663557e-03
6.791031599277630448e-03
6.419403216568753123e-03
6.424508086638525128e-03
8.681521023390814662e-03
8.023561211302876472e-03
6.578669883310794830e-03
6.566007097717374563e-03
6.072693795431405306e-03
5.132239079102873802e-03
4.641935258405283093e-03
4.347996582509949803e-03
3.781104780500754714e-03
3.057057794649153948e-03
2.626824483741074800e-03
2.402581085334531963e-03
2.394686525803990662e-03
2.115430615958757699e-03
1.923701885971240699e-03
2.026962814852595329e-03
1.852333720307797194e-03
1.691219105850905180e-03
1.972921643755398691e-03
2.016439349972642958e-03
1.982411908102221787e-03
2.698576441616751254e-03
2.857710627722553909e-03
2.710658925934694707e-03
3.754992358153685927e-03
4.295176637242548168e-03
4.046309884870424867e-03
4.841521847993135452e-03
4.492680775001645088e-03
4.319904241128824651e-03
4.619634899427182972e-03
3.725667891558259726e-03
3.863776393700391054e-03
3.314054032671265304e-03
3.009779116837307811e-03
3.442163622821681201e-03
3.026092890650033951e-03
3.444426838541403413e-03
4.097037483006715775e-03
4.162789089605212212e-03
4.034848709125071764e-03
4.134349743253551424e-03
4.270537872798740864e-03
4.282089968910440803e-03
3.914913482731208205e-03
3.605437988881021738e-03
4.182998978649266064e-03
5.421881040092557669e-03
5.875896051293238997e-03
6.134761002613231540e-03
6.052968907169997692e-03
7.121180417016148567e-03
7.989596982952207327e-03
8.223168435506522655e-03
1.016295957379043102e-02
1.389694819226861000e-02
1.467050705105066299e-02
1.348314102506265044e-02
1.432507188292220235e-02
1.511274289805442095e-02
1.108703645877540112e-02
9.210646443534642458e-03
7.103473471943289042e-03
7.558471144875511527e-03
5.857832147739827633e-03
4.586514347465708852e-03
4.525661366642452776e-03
3.525215171976014972e-03
2.508368794224224985e-03
2.541054389439523220e-03
1.979726301215123385e-03
1.509650472144130617e-03
1.551443412608932704e-03
1.228251159773208201e-03
9.558386955177411437e-04
9.892565867630764842e-04
9.011120564537122846e-04
7.643360841029789299e-04
7.876709642005153000e-04
7.663680953555740416e-04
6.425779865821823478e-04
6.510389284812845290e-04
7.098537607816979289e-04
6.727072322973981500e-04
6.953178890398703516e-04
7.473597070202231407e-04
7.492752774851396680e-04
7.860721016186289489e-04
8.401256345678120852e-04
9.105510471272282302e-04
1.017818336549680680e-03
1.069729438313515857e-03
1.143744084401987493e-03
1.373526210954878479e-03
1.472206698963418603e-03
1.485321408836171031e-03
1.743526765494607389e-03
1.885486286482773721e-03
1.967359414265956730e-03
2.442382203298620880e-03
2.573914476670324802e-03
2.686502732103690505e-03
3.287026265752501786e-03
3.302068653283640742e-03
3.731170974788255990e-03
4.857927371631376445e-03
4.571618686895817518e-03
4.506374942138791084e-03
4.807300865650177002e-03
4.082048806594684720e-03
3.844025297439657152e-03
4.153569927439093590e-03
3.019788127858191729e-03
2.896533420425839722e-03
2.768939928500913084e-03
2.169336832594126463e-03
2.343484840821474791e-03
2.366040498600341380e-03
2.126743536791764200e-03
2.211173065006732941e-03
2.200454866397194564e-03
2.294363963301293552e-03
2.525313742808066308e-03
2.513993444154039025e-03
2.605356596177443862e-03
2.278019528603181243e-03
2.019082741753663868e-03
2.730153137235902250e-03
3.194530057953670621e-03
3.552828799001872540e-03
4.041634478198830038e-03
4.444638034328818321e-03
4.388163506519049406e-03
5.766022746684029698e-03
6.676458840956911445e-03
6.633085082285106182e-03
9.259078273316845298e-03
9.661350632086396217e-03
1.355536188930273056e-02
1.514477503951638937e-02
1.382424030452966690e-02
1.081072608940303326e-02
7.304160739295184612e-03
6.315558333881199360e-03
4.460559022845700383e-03
3.546113439369946718e-03
3.664047369966283441e-03
3.479882128885947168e-03
2.870580530725419521e-03
2.856119273928925395e-03
3.256948912166990340e-03
3.059961250983178616e-03
3.114335238933563232e-03
3.591862419852986932e-03
3.511899703880771995e-03
3.106037998804822564e-03
3.316804097266867757e-03
2.881204301957041025e-03
2.602509994176216424e-03
2.743042845395393670e-03
2.141834993381053209e-03
2.088870460283942521e-03
1.916576176881790161e-03
1.592823318787850440e-03
1.765724504366517067e-03
1.531831425381824374e-03
1.531940171844325960e-03
1.528233035060111433e-03
1.425531496352050453e-03
1.680537730862852186e-03
1.533701244625262916e-03
1.641284412471577525e-03
1.678489607002120465e-03
1.531711001007352024e-03
1.870716980192810297e-03
1.701390647212974727e-03
1.665332376433070749e-03
1.837976575188804418e-03
1.475708704674616456e-03
1.776724922819994390e-03
1.754489454469876364e-03
1.436875289073213935e-03
1.762150772265158594e-03
1.470711846195627004e-03
1.563448709930526093e-03
1.802411890821531415e-03
1.441456715838285163e-03
1.815296840504743159e-03
1.618534155568340793e-03
1.635023167182225734e-03
1.951529782672878355e-03
1.561623867019079626e-03
1.917229295941069722e-03
1.694704107649158686e-03
1.670456556894350797e-03
1.919993359479121864e-03
1.801742531824856997e-03
1.753776305122300982e-03
1.800535072106868029e-03
1.809553672501351684e-03
1.996950682951137424e-03
2.050749331829138100e-03
2.155346664949320257e-03
2.145134960301220417e-03
2.275857666973024607e-03
2.616439058328978717e-03
2.087428038066718727e-03
2.155333495466038585e-03
2.628290327265858650e-03
2.892318691010586917e-03
2.921802428318187594e-03
3.244708379497751594e-03
4.164663012488745153e-03
4.199178947601467371e-03
4.072728654136881232e-03
3.599008050514385104e-03
3.580607939511537552e-03
4.132106667384505272e-03
5.432309000752866268e-03
5.545396939851343632e-03
6.132540089311078191e-03
6.602091627428308129e-03
7.666296063689514995e-03
7.003160950262099504e-03
6.337423285003751516e-03
6.266375072300434113e-03
5.997944594128057361e-03
5.146923969732597470e-03
4.383682622574269772e-03
4.002482397481799126e-03
3.530710207996889949e-03
3.386737720575183630e-03
3.284798760432749987e-03
3.811828457401134074e-03
4.266502684913575649e-03
3.636565641500055790e-03
3.960502537665888667e-03
3.428985539358109236e-03
2.967863838421180844e-03
2.996268842252902687e-03
2.229361998615786433e-03
2.154060290195047855e-03
2.162439966923557222e-03
1.556629344122484326e-03
1.966374846233520657e-03
1.767469053447712213e-03
1.508596018538810313e-03
1.661191578023135662e-03
1.606095684110186994e-03
1.786084525519981980e-03
1.608984155609505251e-03
1.850891851063352078e-03
1.849763131758663803e-03
1.774711025063879788e-03
1.926175362314097583e-03
1.724493267829529941e-03
1.934998595970682800e-03
1.524916522612329572e-03
1.575970734847942367e-03
1.843333797296509147e-03
1.397682455717585981e-03
1.528818378574214876e-03
1.661363654420711100e-03
1.768674788763746619e-03
1.697930769296362996e-03
1.844389669713564217e-03
2.235375912277959287e-03
2.035231176705565304e-03
2.212031671660952270e-03
1.942970062373206019e-03
1.975450242753140628e-03
1.946558528288733214e-03
1.669741046498529613e-03
1.734158497129101306e-03
2.182587937568314373e-03
2.029695700912270695e-03
1.953472099557984620e-03
2.485708122549112886e-03
2.636142759001813829e-03
2.201503033575136214e-03
2.485268298187293112e-03
2.584543035482056439e-03
2.124661201378330588e-03
1.804191211704164743e-03
1.990411095903255045e-03
2.040891689830459654e-03
2.131556509993970394e-03
2.421973345917649567e-03
2.475186382071115077e-03
2.655470307217910886e-03
2.950884794699959457e-03
2.598241379018872976e-03
2.812582708429545164e-03
3.381388742127455771e-03
2.740055395406670868e-03
3.016091010067611933e-03
3.307590581243857741e-03
2.705618928303010762e-03
3.497262878227047622e-03
3.251565387472510338e-03
3.022825636435300112e-03
2.988156949868425727e-03
2.826370735419914126e-03
2.688298991415649652e-03
2.468124686856754124e-03
2.190868995967321098e-03
2.169490253436379135e-03
1.893954788101837039e-03
2.149897409253753722e-03
1.801443795557133853e-03
1.909008664370048791e-03
1.376385800540447235e-03
1.469655413529835641e-03
1.283443765714764595e-03
1.166194146207999438e-03
1.222312130266800523e-03
1.237683602084871382e-03
1.282639132114127278e-03
1.551490073325112462e-03
1.536601455882191658e-03
1.593367851455695927e-03
2.031395706580951810e-03
2.082000028167385608e-03
2.319694147445261478e-03
2.703260848647914827e-03
2.461729483911767602e-03
3.080008187680505216e-03
3.364041316672228277e-03
2.834047598298639059e-03
3.681872171000577509e-03
3.803059400524944067e-03
3.363592331879772246e-03
3.489446418825536966e-03
4.073660151334479451e-03
3.912373038474470377e-03
3.608910803450271487e-03
3.162880748277530074e-03
2.486201512510888278e-03
2.381188038270920515e-03
3.078774723690003157e-03
3.329701052280142903e-03
3.677559492643922567e-03
5.058468261267989874e-03
4.439032491063699126e-03
3.822480357484892011e-03
3.130024386337026954e-03
2.393219896475784481e-03
2.038868260569870472e-03
1.370058293105103076e-03
1.194598473375663161e-03
9.500794476480223238e-04
1.032236541504971683e-03
1.040658717101905495e-03
1.286614475247915834e-03
1.208906105603091419e-03
1.385354982630815357e-03
1.680663815932348371e-03
1.734329969622194767e-03
1.887239457573741674e-03
2.393227034190203995e-03
3.312977598397992551e-03
3.591236469219438732e-03
3.576786373741924763e-03
2.327054986380971968e-03
3.125684423139318824e-03
4.000768502010032535e-03
3.770637107663787901e-03
3.630978375440463424e-03
2.748768776655197144e-03
1.985733040783088654e-03
2.094138326356187463e-03
2.297650527907535434e-03
2.259103232063353062e-03
2.471677013090811670e-03
2.762149510090239346e-03
3.196567093254998326e-03
3.439720778260380030e-03
3.623468190198764205e-03
3.531697700964286923e-03
4.009778989711776376e-03
3.517741191899403930e-03
3.357033696374855936e-03
3.285691331257112324e-03
3.547484331647865474e-03
3.766051115235313773e-03
3.771782750845886767e-03
4.454734473256394267e-03
3.931989020202308893e-03
4.190704479697160423e-03
3.700204601045697927e-03
3.900295880157500505e-03
3.306909988168627024e-03
2.669234003406018019e-03
2.829523247783072293e-03
2.802759176120162010e-03
2.427512023132294416e-03
2.437294446281157434e-03
2.252392689115367830e-03
1.939942652825266123e-03
1.808691056794486940e-03
1.740371415507979691e-03
1.711917764623649418e-03
1.634876243770122528e-03
1.578018738655373454e-03
1.753009259118698537e-03
1.444395420548971742e-03
1.451378280762583017e-03
1.427235773007851094e-03
1.152916083810850978e-03
1.306104029936250299e-03
1.134144804382231086e-03
1.130484073655679822e-03
1.107580188545398414e-03
1.259832504729274660e-03
1.178811788122402504e-03
1.383762624755036086e-03
1.296828857448417693e-03
1.476479534176178277e-03
1.407287272741086781e-03
1.430834032362326980e-03
1.513377930677961558e-03
1.203585445182397962e-03
1.322936826909426600e-03
1.239968369191046804e-03
1.184320142783690244e-03
1.228244156664004549e-03
1.481346662330906838e-03
1.497963145084213465e-03
1.685196584730874747e-03
1.748897295328788459e-03
2.036931487964466214e-03
1.803328290407080203e-03
1.957208209205418825e-03
2.129334068740718067e-03
1.928342302562668920e-03
2.075946162221953273e-03
2.454370667692273855e-03
2.342507374123670161e-03
2.660320998984389007e-03
2.869353367714211345e-03
2.446818383759818971e-03
2.637979603605344892e-03
2.344446562347002327e-03
2.466532634571194649e-03
2.509302990802098066e-03
2.368343317357357591e-03
2.782711366307921708e-03
2.886270201997831464e-03
2.374571355176158249e-03
2.690926266950555146e-03
2.441230550175532699e-03
1.922941017255652696e-03
2.000736538320779800e-03
1.835937204305082560e-03
1.627876037673559040e-03
1.607816862815525383e-03
1.680682420555967838e-03
1.402324916853103787e-03
1.698762556770816445e-03
2.099204109981656075e-03
1.852198918641079217e-03
2.061975144897587597e-03
2.537313790526241064e-03
2.013259625528007746e-03
1.944897980138193816e-03
2.182297175750136375e-03
1.899794915516395122e-03
1.726051137666217983e-03
1.934402083861641586e-03
1.444676294340752065e-03
1.448304581572301686e-03
1.527687243651598692e-03
1.203664949571248144e-03
1.367233664495870471e-03
1.267092069610953331e-03
1.106029965740162879e-03
1.176331541500985622e-03
1.065971729985903949e-03
1.094198254577349871e-03
9.246199042536318302e-04
8.714190335012972355e-04
8.282685485028196126e-04
6.544518364535178989e-04
6.788577884435653687e-04
6.311608995019923896e-04
5.836468080815393478e-04
6.283238180913031101e-04
6.711457026540301740e-04
6.739469026797451079e-04
7.542215935245621949e-04
8.668318914715200663e-04
8.820403236313723028e-04
1.082342248992063105e-03
1.199636513774748892e-03
1.355024738586507738e-03
1.466803485527634621e-03
1.621950133994687349e-03
1.979876717086881399e-03
2.012885808653663844e-03
1.974630984477698803e-03
2.309667295776307583e-03
2.112747417413629591e-03
2.409531269222497940e-03
2.145417107385583222e-03
2.445972786517813802e-03
2.680065997992642224e-03
2.261166373500600457e-03
2.527167671360075474e-03
2.809554454870522022e-03
2.718692499911412597e-03
3.063311072764918208e-03
3.496055287541821599e-03
3.273400943726301193e-03
2.448641505907289684e-03
1.736157661071047187e-03
1.879150528111495078e-03
2.060227052425034344e-03
2.406601619441062212e-03
2.345252185477875173e-03
2.466718040523119271e-03
2.809883226291276515e-03
2.952517286757938564e-03
2.767029553069733083e-03
2.449416468152776361e-03
2.688422784558497369e-03
2.594909077743068337e-03
2.391191083006560802e-03
2.859278916730545461e-03
3.793178009800612926e-03
3.256188036175444722e-03
3.374948195414617658e-03
3.032389693544246256e-03
3.042494412511587143e-03
2.797535911668092012e-03
2.704530066694132984e-03
2.843816328095272183e-03
2.831947655067779124e-03
2.894293342251330614e-03
3.015349415363743901e-03
3.063421550905331969e-03
2.405990206170827150e-03
2.312404874828644097e-03
2.490715618478134274e-03
1.929901503899600357e-03
2.284481772221624851e-03
2.043846347078215331e-03
1.668327269726432860e-03
1.929138976265676320e-03
1.884525663626845926e-03
1.572940047481097281e-03
2.144443562428932637e-03
1.832362599088810384e-03
1.471995303290896118e-03
1.681165267655160278e-03
1.450594594643916935e-03
1.084379378880839795e-03
1.131497676396975294e-03
9.910836306517012417e-04
7.592670408484991640e-04
1.061574985214974731e-03
9.421969152754172683e-04
8.983911175164394081e-04
1.285313897824380547e-03
1.092921105737332255e-03
1.270700049644801766e-03
1.653968189202714711e-03
1.458596852899063379e-03
1.772441006323788315e-03
2.053237636573612690e-03
1.805750114726833999e-03
2.320198473171330988e-03
2.208630030509084463e-03
2.024266141233965755e-03
2.394033886957913637e-03
1.967366304597817361e-03
2.073015159112401307e-03
2.394525086856447160e-03
1.845750681241042912e-03
2.488264188286848366e-03
2.220344620582181960e-03
2.051199706329498440e-03
2.933574636699631810e-03
2.135817761882208288e-03
2.611467236420139670e-03
2.463229669956490397e-03
1.884099197923205793e-03
2.507120829250197858e-03
1.628918806090950966e-03
1.882759708678349853e-03
1.586012615007348359e-03
1.314147928496822715e-03
1.349701080471277237e-03
1.516588054073508829e-03
1.358235051156952977e-03
1.810497138649225235e-03
1.903685639263130724e-03
2.171626212657429278e-03
2.162515491363592446e-03
2.030742951319552958e-03
1.860456293798051775e-03
1.910837119794450700e-03
1.949034631252288818e-03
2.341106010135263205e-03
2.210698832641355693e-03
2.377423195866867900e-03
2.340569350053556263e-03
2.097373726428486407e-03
2.448853134410455823e-03
2.234268540632911026e-03
2.314094817847944796e-03
2.321359934285283089e-03
2.124373058904893696e-03
2.315616933628916740e-03
1.869970918050967157e-03
1.909900369355455041e-03
1.491680057370103896e-03
1.515498253866098821e-03
1.364378113066777587e-03
1.063613191945478320e-03
1.266425315407104790e-03
8.775352252996526659e-04
9.271708331652916968e-04
8.092238567769527435e-04
6.579856853932142258e-04
6.474024703493341804e-04
6.674687574559357017e-04
5.327686994860414416e-04
7.114955587894655764e-04
8.196327689802274108e-04
8.037049810809548944e-04
1.154569778009317815e-03
1.470407274609897286e-03
1.414809768903069198e-03
1.770022550772409886e-03
2.219377580331638455e-03
1.961876747373025864e-03
2.215954416897147894e-03
2.721778771956451237e-03
2.102066035149618983e-03
2.336198755074292421e-03
2.439299074467271566e-03
1.910761166072916240e-03
2.210067847045138478e-03
2.444014156935736537e-03
1.775882890797220170e-03
2.138087409548461437e-03
2.251917583635076880e-03
1.929206002387218177e-03
2.795880325720645487e-03
2.402723970590159297e-03
2.266244729980826378e-03
2.375425669015385211e-03
1.784225576557219028e-03
1.262659992789849639e-03
1.266830426175147295e-03
1.005394005915150046e-03
9.126430522883310914e-04
1.184165324957575649e-03
1.284056757867801934e-03
1.461926738556940109e-03
1.817757118260487914e-03
1.764888402249198407e-03
2.289336247486062348e-03
2.235410545836202800e-03
2.466800811816938221e-03
2.791447506751865149e-03
2.410606393823400140e-03
2.926349785411730409e-03
2.533897539251483977e-03
3.148788382532075047e-03
3.155316982883960009e-03
3.196121659129858017e-03
3.146490751532837749e-03
2.284782865899614990e-03
2.302278298884630203e-03
2.019747407757677138e-03
1.516666401585098356e-03
1.784992011380381882e-03
1.493681535066571087e-03
1.665827265242114663e-03
1.840822820668108761e-03
1.562458513944875449e-03
1.199728561914525926e-03
1.378598841256462038e-03
1.377995635266415775e-03
1.155311285401694477e-03
1.794935036741662771e-03
1.960138244612608105e-03
1.857505383668467402e-03
1.995173151954077184e-03
1.619416376342996955e-03
1.297747956414241344e-03
1.637594526982866228e-03
1.361539019853807986e-03
1.056906563462689519e-03
1.269604159460868686e-03
1.306236714299302548e-03
1.006126498396042734e-03
1.228000408445950598e-03
1.605217112228274345e-03
1.442963271983899176e-03
1.062306517269462347e-03
1.111616671551018953e-03
9.439491550438106060e-04
8.908697418519295752e-04
1.066118049493525177e-03
9.965781428036279976e-04
1.267983505385927856e-03
1.824446248065214604e-03
1.399762542860116810e-03
1.440155378077179193e-03
1.888745893666055053e-03
1.478499645600095391e-03
1.149743213318288326e-03
1.407410527463071048e-03
1.396080275299027562e-03
1.262356003280729055e-03
1.517192387836985290e-03
1.754661650920752436e-03
2.029359820880927145e-03
2.356127035454846919e-03
1.985075941774994135e-03
2.042284148046746850e-03
2.174109860789030790e-03
2.124397200532257557e-03
2.474226159392856061e-03
2.552223697421140969e-03
2.794741536490619183e-03
2.999823394929990172e-03
2.931977389380335808e-03
3.401677648071199656e-03
2.732548891799524426e-03
2.729478947003372014e-03
1.933145904331468046e-03
1.667303426074795425e-03
1.528631997643969953e-03
1.628737052669748664e-03
1.643456242163665593e-03
1.857316819950938225e-03
2.001039378228597343e-03
1.943485767696984112e-03
2.039434431935660541e-03
2.661473467014729977e-03
2.268640251713804901e-03
2.920456841820850968e-03
3.275976865552365780e-03
2.572876401245594025e-03
3.520883939927443862e-03
3.156549937557429075e-03
2.990764303831383586e-03
3.949590070988051593e-03
2.800232236040756106e-03
3.114018123596906662e-03
2.461189986206591129e-03
1.610696592251770198e-03
1.268152867851313204e-03
1.149356452515348792e-03
9.810419360292144120e-04
8.581854854128323495e-04
9.175139857688918710e-04
8.060205618676263839e-04
9.778357380127999932e-04
7.751744087727274746e-04
8.876488136593252420e-04
8.076420999714173377e-04
7.917112452560104430e-04
7.669687474844977260e-04
7.424540744978003204e-04
6.246428347367327660e-04
6.584375259990338236e-04
5.747752256866078824e-04
5.648233927786350250e-04
6.969973837840370834e-04
7.887799656600691378e-04
9.828152142290491611e-04
1.269746240723179653e-03
1.330744591541588306e-03
1.682797650573775172e-03
2.072298317216336727e-03
2.022170890995766968e-03
2.659477213455829769e-03
2.499186222848948091e-03
2.351767965592443943e-03
2.681321464478969574e-03
2.628833259223029017e-03
2.179110859287902713e-03
2.211417726357467473e-03
1.904355063743423671e-03
1.906530975247733295e-03
2.072865885565988719e-03
1.720826112432405353e-03
1.991359895328059793e-03
2.178732247557491064e-03
1.994521822780370712e-03
2.432262117508798838e-03
1.747013040585443377e-03
1.810762347304262221e-03
2.103666527546010911e-03
1.716449172818101943e-03
1.528629232780076563e-03
1.400749664753675461e-03
1.253614864253904670e-03
1.390393619658425450e-03
1.206400615046732128e-03
1.217743025335948914e-03
1.390921919664833695e-03
1.143803689046762884e-03
1.460832470911554992e-03
1.253687463758978993e-03
1.306757396378088742e-03
1.383590126351919025e-03
1.209198846481740475e-03
1.426436632755212486e-03
1.529799141280818731e-03
1.430049633199814707e-03
1.814662347896955907e-03
1.495591204729862511e-03
1.501286053098738194e-03
1.587382590514607728e-03
1.241438025317620486e-03
1.326641642663162202e-03
1.087913333321921527e-03
1.024255056108813733e-03
1.079164714610669762e-03
8.950165793066844344e-04
1.016836300550494343e-03
9.647223341744393110e-04
8.286553493235260248e-04
1.043133575876709074e-03
7.651492160221096128e-04
1.013691595289856195e-03
9.768191121111158282e-04
9.083616860152687877e-04
1.109926448407350108e-03
8.473335619783028960e-04
1.138664025347679853e-03
