1.048707032203674316e+01
9.860227489471435902e+00
1.654232943058013827e+00
1.737043803930282682e+00
1.462622618675232022e+00
1.092978867888450667e+00
1.232436931133270352e+00
9.755914837121963945e-01
8.262407541275024192e-01
7.786094248294830322e-01
9.084580823779105918e-01
1.072637179493904025e+00
7.556122183799743874e-01
6.664219409227370994e-01
6.022428497672080994e-01
6.030098378658295122e-01
8.067856967449188454e-01
9.317085981369018777e-01
7.001851409673690574e-01
5.608349263668059859e-01
5.463908866047859636e-01
1.185875350236892611e+00
8.559526413679122703e-01
6.091011270880699602e-01
5.061375454068184343e-01
5.845821157097816911e-01
4.433287352323532216e-01
4.560684815049171337e-01
8.687164068222046343e-01
5.855721741914748923e-01
4.174001827836036904e-01
7.753900676965713723e-01
9.862771868705749734e-01
8.715578854084015115e-01
6.393707409501075967e-01
5.025980293750762495e-01
4.185940880328417046e-01
3.885407272726297268e-01
3.608919128775596730e-01
4.312569342553615459e-01
2.740505900233983771e-01
2.427886214107274898e-01
3.867459088563919289e-01
3.310421515256166680e-01
2.264963299036026056e-01
4.280873447656631248e-01
6.093905806541443093e-01
5.432775177061557326e-01
2.835989929735660553e-01
1.705694254487752914e-01
8.074076063930987757e-02
4.239821013063192479e-01
4.686651527881622314e-01
2.132195221260189955e-01
3.967196524143218883e-01
5.759202331304550393e-01
3.766182646155357139e-01
1.822958175092935507e-01
1.188626414164900835e-01
3.405979555100202560e-02
2.680052217096090539e-01
2.508729875087737926e-01
1.679644141346216257e-01
2.341452362015843391e-01
4.375216178596019745e-02
1.353923853486776463e-01
4.503734052181244119e-01
3.150880068540573009e-01
1.702325388789177052e-01
4.994892738759517531e-02
-3.292733225971460065e-02
-2.087889015674591203e-02
-1.110874444246292142e-01
1.782090093940496556e-01
6.909819379448890464e-01
4.582916662096977456e-01
3.722254127264023049e-01
2.579406555742025375e-01
4.373588189482688904e-01
2.144075410440564045e-01
4.620575439184904099e-02
6.741594448685646335e-02
9.085222333669661782e-03
5.919546034187078698e-01
6.370300248265265974e-01
6.103989437222481218e-01
1.701226323843002264e-01
-3.161707762628793855e-02
-5.089233182370662967e-02
-2.786900643259286950e-02
-7.614163607358932773e-02
-4.964398909360170226e-02
-1.934539927169680595e-01
-1.718820255249738638e-01
6.769541982561350091e-01
9.957867503166198953e-01
8.520456850528717041e-01
7.117131412029266135e-01
1.201419766247272536e+00
1.178880500793457076e+00
9.550059914588928667e-01
7.801729023456573930e-01
5.671367853879928367e-01
2.667200606316327827e-01
8.952909298241137903e-02
6.945935618132352551e-02
4.691361747682094852e-02
1.037581689655780737e-01
3.271818391978740803e-01
1.240175245329737663e-01
3.583684191107749939e-02
-1.757042258977890153e-02
-1.219907959923148127e-01
2.114900555461645196e-02
-4.605972170829773088e-02
-8.399552330374718268e-02
-1.330242829397320636e-01
-3.215248774737119453e-01
-1.314186491072177887e-02
2.391101956367492620e-01
4.231450594961642941e-02
-1.984133321791887172e-01
1.480866085737943538e-01
4.605714246630668862e-01
3.993862643837928772e-01
3.340486450120806472e-01
2.727488502860069275e-01
2.817069701850414276e-01
1.703158246353268512e-01
3.144375219941138999e-01
1.524902608245611302e-01
-5.877109766006469865e-02
-1.806051729246974102e-01
2.558397971093654411e-01
2.273956201970577240e-01
-1.532493352890014759e-01
-2.952878970652818569e-01
-2.607860056683420913e-01
-3.972755454480648152e-01
-3.835056522861123307e-01
-2.900961069390177727e-01
-1.081156807020306615e-01
-4.521386940032243867e-02
-3.436375480145216210e-01
-9.638443589210510254e-05
-1.703937958925962337e-01
4.001763883978128322e-01
8.307975560426712480e-01
6.479075208306313005e-01
1.611619201302528337e+00
1.529629617929458618e+00
1.384522730112075717e+00
1.317170375585555941e+00
1.259495258331298828e+00
1.205644142627716020e+00
1.152536857128143355e+00
1.098034209012985318e+00
1.039793550968170166e+00
9.737248450517654863e-01
8.924980938434601274e-01
7.784708976745605691e-01
5.828169688582420793e-01
3.486944802105426677e-01
2.041378755122423283e-01
5.702047944068908830e-02
-4.796649701893329620e-02
-1.131794070824980736e-01
-1.562654145061969646e-01
-2.743121389299630897e-01
-2.732138063758611790e-01
-1.222848892211914062e-01
-3.141619011759758107e-01
-3.348872262984514125e-01
-1.537305397912859806e-01
3.001421004533767478e-01
-1.443578237667679787e-01
-1.002108369022607776e-01
-4.062035929411649815e-01
-1.224905524402856855e-01
4.621836543083190918e-01
1.504828691482544001e-01
3.000879362225532601e-02
2.148000545799732264e-01
-6.426805276423692981e-02
4.385313000530004224e-02
7.069254443049430292e-02
2.589928910136222728e-01
-2.513581980019807816e-02
-4.417262561619281769e-01
-3.343906607478857040e-01
-2.027315538376569803e-01
-1.619660258293151855e-01
-3.951082855463027843e-01
1.180432789027690832e-01
4.764539971947669983e-01
8.237575678154825942e-01
8.662351399660110918e-01
7.688046902418136375e-01
6.801632940769195557e-01
5.872392535209656206e-01
4.835365116596221924e-01
3.617608487606048806e-01
2.043641354888677542e-01
-7.533461973071098501e-03
-1.124180495738983099e-01
-2.771683562546968238e-01
-5.599980399012565169e-01
-5.232675921171903166e-01
-5.777789726853370667e-01
-5.745870128273964372e-01
-5.774397984147071616e-01
-6.659399725496768507e-01
-2.701788365840911976e-01
-4.488875165581703297e-01
-5.299180388450622781e-01
-4.672865066677331924e-01
-1.259367365390062221e-01
4.917372971773147361e-01
5.000308066606521384e-01
3.225467549636960030e-01
7.381908625364304033e-01
6.860892266035080178e-01
5.504240348935127702e-01
3.545980080962181091e-01
-9.712976031005382191e-03
-1.491312265396118053e-01
3.793522302061319573e-01
2.245468093082308714e-01
-5.493498351424932341e-02
7.073387876152992249e-02
1.340474864467978422e-01
6.524494789540767892e-01
5.316549230366944823e-01
3.368848219513893016e-01
2.021560210734605900e-01
6.942127142101525705e-02
-1.346598330885172001e-01
2.010390270501375143e-01
-1.933843735605478287e-02
3.611509229987859837e-01
4.702172067016363033e-01
4.056115597486495972e-01
2.936832606792449951e-01
1.546065082773566135e-01
2.915552929043769767e-02
-1.251109372824430466e-01
-3.542972367256879695e-01
-6.427976936101913452e-01
-2.667747952044010051e-01
-1.243129819631576607e-02
5.485540833324194232e-02
-1.917650854215025846e-01
-8.849004171788692197e-02
-4.726909492164850513e-02
-3.358729299157857673e-01
3.906414005905389786e-02
2.507188364863395802e-01
3.921668395400047524e-01
2.813054408878087886e-01
8.692468628287315646e-02
5.284820981323719302e-02
1.185437876731157275e-01
8.808456677943468649e-02
-1.312489787116646878e-01
3.706920500844716748e-02
-1.445986161008477322e-01
1.132487650960683767e-01
6.689971406012773514e-02
-7.942619435489177426e-02
-2.788123093545437081e-01
-5.768391534686088118e-01
-4.754760164767503627e-01
-4.155355121940374485e-01
-4.016686204820871242e-01
-3.967358537018298992e-01
3.636682495474815591e-01
8.655295293778181298e-01
3.373512767255306133e-01
1.290116827934980337e-01
-7.691724598407745361e-02
-3.351844929158687703e-01
-4.929416239261626975e-01
-6.622138664126395735e-01
-2.911524884402751923e-01
4.202961318194866069e-01
5.049424842000007629e-01
3.640159673988819233e-01
1.918760575354099274e-01
-1.791088860481977393e-02
5.615786612033844133e-02
5.685742385685443878e-02
5.120676830410957336e-01
6.609787642955780029e-01
5.734238445758819136e-01
4.912138387560844310e-01
4.052463158965110557e-01
2.979136705398559570e-01
1.125598289072513580e-01
-9.967731796205044070e-02
-2.655823193490505219e-01
-4.200291715562343708e-01
-6.962506160140037315e-01
-4.959648970514535793e-01
-3.816894166171550529e-01
-7.217359527945518272e-01
-4.828525505959987418e-01
-4.076235085725784524e-01
-4.538670759648084918e-02
-3.540088223293423875e-01
3.152336386963724979e-01
3.376981914043426514e-01
1.494276043027639445e-01
-3.280712701380252699e-02
-8.229056727141141614e-02
2.544860683381557354e-01
3.447177693247794883e-01
2.793361678719520347e-01
1.715687811374664307e-01
3.621049448847770552e-02
-1.494205299764871653e-01
-2.841580791398882755e-01
3.798836547881364600e-01
5.374414101243019104e-01
4.027824223041534535e-01
2.648054361343383789e-01
1.086293999105691910e-02
-3.765257634222507477e-02
-1.486470654606819042e-01
-9.474064204841851911e-02
-1.600940465927123968e-01
-3.773399332538246997e-01
-2.913127895444631715e-02
-3.905754711478948704e-01
-3.882229503244161717e-01
-6.094769045710564104e-01
-2.022664643824100550e-01
-4.569830782711505890e-01
-4.056033726781606563e-01
-8.400552533566951405e-03
7.851417455822229385e-02
2.984490001574158780e-01
2.381403785198926981e-01
5.616092514246702472e-02
-3.914878211915492900e-01
-2.347610156983137020e-01
1.028297139704227536e+00
1.030163207650184543e+00
7.887232691049576028e-01
6.401922941207885964e-01
5.265732541680335776e-01
4.244112834334373696e-01
3.198875397443771140e-01
1.993213994428515434e-01
8.092282488942145746e-02
2.969929277896881173e-02
1.165224611759185791e-02
1.081580571830272619e-01
6.176683958619832993e-02
-1.790160343050956615e-01
6.216309621930122820e-01
6.289953142404556274e-01
5.205857634544373003e-01
4.402618899941444508e-01
3.736252993345260398e-01
3.099606528878212086e-01
2.433058984577655681e-01
1.702161476016044728e-01
8.273118846118450442e-02
-3.762156460434198241e-02
-2.807676643133163452e-01
-1.427753375843167361e-01
-4.657419212162494659e-02
-1.584102991968393270e-01
-3.141265533864497916e-01
-5.573965519666671531e-01
-1.052572384476661682e+00
-2.347237164154648836e-01
-3.838115401566028484e-01
-6.785220623016356978e-01
-6.278790745884179625e-01
-3.034984769299626239e-01
-1.747167872264981381e-01
8.854978568851948340e-02
-2.908772766590118630e-01
5.117567423731088361e-02
-3.741439066827297322e-01
-6.979816451668738875e-01
-7.005970552563667297e-02
3.827482189983129612e-01
6.315967693924904314e-01
4.456598345190286858e-01
5.634726315736771074e-01
1.213532164692878723e-01
-4.196789525449275832e-02
5.199276238679886308e-01
4.620830103754997031e-01
3.600575774908065796e-01
2.692195273935794608e-01
1.854709085077047293e-01
1.010519878938794108e-01
1.006696540862321923e-02
-9.338157288730145056e-02
-2.152132593095302526e-01
-3.645651899278163910e-01
-3.529447352513671032e-01
-3.657431110739707836e-01
-2.182002890855073984e-01
-4.868107840418815502e-01
6.349367871880531866e-02
2.612942110747099034e-01
-2.438377849757671426e-02
-4.192585155367851146e-01
-2.465280499309301376e-01
-1.096015296876430567e-01
3.902015985921025165e-01
1.482827353477478072e+00
2.327275717258453280e+00
2.419465601444244385e+00
1.632717353105545000e+00
1.367438441514968961e+00
1.147370624542236373e+00
9.906859964132308516e-01
8.926725476980209573e-01
8.285068392753600630e-01
7.704776138067245261e-01
7.197763115167618020e-01
6.787172913551330344e-01
6.446214646100998369e-01
6.143960446119308694e-01
5.856875374913215193e-01
5.575640812516212685e-01
5.295062363147735596e-01
5.005248457193374190e-01
4.696947336196899414e-01
4.362308815121650474e-01
3.998541563749313243e-01
3.594083361327647941e-01
3.127346605062484852e-01
3.130610950291156658e-01
2.623290907591581123e-01
1.915753496810793932e-01
1.034854264929890577e-01
-1.610982771962881158e-02
-1.759174166247248761e-01
-3.489225283265113831e-01
-3.174939211457967758e-01
-1.808212313801050297e-01
-5.437348395586013572e-01
-2.175787590444087927e-01
1.034465357661247184e-02
-2.329819161444902365e-01
-8.071623995900154558e-01
-6.455116489902138488e-01
-1.172481354326009723e-01
2.523199453949928062e-01
9.558466449379920959e-02
-9.290894772857427597e-02
-3.106595400720834621e-01
-5.614525396376848082e-02
-2.523051433265209309e-01
-1.332036796957254410e-01
1.402553256601095089e-01
7.760857958346605023e-02
-4.716778732836246144e-03
-9.914316833019257147e-02
-2.167521633207797893e-01
-3.789657592773437722e-01
-6.541016459465026633e-01
-6.768311515450478044e-01
-8.519335746765136497e-01
-5.948387771844864114e-01
-5.825054422020912170e-01
-4.510248500853776821e-01
5.408155880868435045e-02
3.547083206474780925e-01
2.537215728312730567e-01
9.881199572235346285e-01
3.274289466440677421e-01
9.759973548352719047e-03
-2.440436439588666018e-01
-2.309734325855970494e-01
-1.159938000142574366e-01
-2.766207391396164894e-01
-5.716253280639648215e-01
-7.532377049326897112e-01
-4.434167526662349812e-01
-2.332166589796543232e-01
6.647673860192299111e-01
8.397418111562728882e-01
4.716818585991859325e-01
1.976371800526976474e-01
-5.317306183278560500e-02
-2.460164390504360199e-02
-1.443423062562942394e-01
1.629949782043695339e-01
2.360667765140533336e-01
1.255571829155087415e-01
2.183881308883428574e-02
-9.596591349691152573e-02
-2.455247536301612965e-01
-4.589154794812202454e-01
-2.307626161724329050e-01
1.057999707758426611e-01
1.452450243756175097e-01
5.518920179456472674e-02
-2.789665590971708228e-02
-1.183435775339603396e-01
-2.251689862459897995e-01
-3.517776217311620601e-01
-6.094632863998412642e-01
-2.204985266551375278e-01
-1.570753827691078255e-02
-8.522484395653009970e-02
-1.563431937247514725e-01
-2.311906766146421544e-01
-3.200769536197185516e-01
-4.305302590131759866e-01
-5.771561443805695024e-01
-8.061234652996063232e-01
-8.627828598022461160e-01
-6.607097469270228896e-01
-5.829059675335883650e-01
-5.397006094455718550e-01
-8.006726264953613059e-01
-1.022942253947257907e+00
-8.824317395687103494e-01
5.638999134302139504e-01
3.990795962512493356e-01
1.020659316331148092e-01
-1.243710644543170873e-01
-4.330267265439033397e-01
2.756208611652254947e-01
3.115965992212295643e-01
2.162262365221977178e-01
1.468276407569646946e-01
9.094800688326358518e-02
3.960735481232404570e-02
-1.141384933143854176e-02
-6.483986489474773129e-02
-1.231314867734909085e-01
-1.887663878500461523e-01
-2.655210927128791587e-01
-3.603093437850475311e-01
-4.897695615887641685e-01
-7.002626091241836992e-01
-6.768173631280660629e-01
-7.812827125191688094e-01
-5.245787214487791505e-01
2.665911074727773666e-01
-1.466885358095169033e-02
-2.292590625584125519e-01
-4.536546058952808241e-02
-1.854294657707214466e-01
-3.826529577374458424e-01
-5.728519972413778083e-01
2.097577024251222610e-01
3.139501903206110001e-02
-9.048522301018238623e-02
-1.700940571725368389e-01
-2.424382954835891668e-01
-3.203678272664546856e-01
-4.090702161192893982e-01
-5.079262718558311684e-01
-6.625202387571335061e-01
-9.467853993177414162e-01
-1.108885979652404874e+00
-5.086768411099911180e-01
-1.596051283180713598e-01
-4.323816448450088501e-01
4.299989238381385914e-01
-5.165989845991134782e-02
5.095247440040111542e-01
3.807662222534417829e-02
-1.491254966706037632e-01
-2.977224975824356301e-01
-4.565564736723899952e-01
-5.324433706700801849e-01
-5.435386106371880022e-01
-3.314157757908106072e-01
-4.165006019175052643e-01
-5.613210886716842873e-01
-5.402487818151712196e-01
-2.133288793265819550e-01
-3.373937018215656392e-01
-4.738945551216602325e-01
-6.678426712751388550e-01
-8.753727406263351885e-01
-7.179633378982543945e-01
1.057584940642118498e+00
1.233315294981002896e+00
1.652295002341270358e+00
7.714564979076385942e-01
6.491109088063240495e-01
5.799235805869102922e-01
5.388325229287147522e-01
5.046046897768974304e-01
4.724036008119583130e-01
4.401963278651237488e-01
4.071577429771423562e-01
3.721275523304939381e-01
3.376099109649658425e-01
3.011210657656192557e-01
2.674549544230103715e-01
2.240518949925899561e-01
1.817341089248657171e-01
1.292226005345583073e-01
7.129521295428276062e-02
-7.024735212326049371e-04
-6.065716128796339035e-02
2.728243786841631074e-02
1.437075771391391754e-01
2.847899064421653970e-01
1.863440200686454773e-01
1.113274468109011622e-01
4.827761240303516527e-02
-8.524878881871700287e-03
-6.596882548183202744e-02
-1.269378278404474369e-01
-1.980427857488393784e-01
-2.829802010208368190e-01
-4.030068967491388099e-01
-4.391929838806390984e-01
-1.326264660805463735e-01
-2.941624101251363865e-01
-5.453390322625637499e-01
-2.720912955701351166e-01
-3.954721190035342948e-01
-5.797605738043785095e-01
-8.070834189653396384e-01
-8.759911507368087769e-01
-7.669560626149177773e-01
3.368632737547159334e-02
-1.125231523066759082e-01
3.746612705290317674e-02
-8.606501463800668439e-02
-1.904233057051896993e-01
-3.209301866590976715e-01
-6.045806273818016274e-01
-5.061478540301322937e-01
-8.355409979820251909e-01
-7.918997287750244585e-01
-6.753694385290145430e-01
-5.154240746051073074e-01
-5.911260399967431800e-01
-1.937750611454248373e-01
-4.549487024545669778e-01
-6.406950205564498901e-01
-4.600971244275570138e-01
-4.634735517203807942e-01
-6.285233214497566445e-01
-8.967325180768966897e-01
-1.100118737667798996e-02
-2.599235888570546882e-01
-2.516246426850557438e-01
-4.727646782994270325e-01
-3.671919809654354827e-01
7.387690171599388400e-02
-7.258549276739359457e-02
-1.546728644520044271e-01
-2.153753779828548320e-01
-2.755172535777091758e-01
-3.422285288572311512e-01
-4.227292120456695446e-01
-5.115541160106659158e-01
-7.018127903342247231e-01
-9.732547551393508911e-01
-5.743102595210075600e-01
-6.551641955971717612e-01
-8.353792130947113037e-01
-1.235336714982986361e+00
-1.394544960558414370e+00
-7.102298080921173318e-01
-6.656719639897346052e-01
-5.390287518501282182e-01
-6.656193763017654863e-01
-9.810229241847991943e-01
-7.362724810838698897e-01
-6.975054621696472612e-01
-9.325060665607451948e-01
-1.380990672111511275e+00
-1.539811128377914340e+00
-1.242660623788833574e+00
-5.687805727124214394e-01
5.157489776611327847e-02
-6.895952820777892511e-02
-2.962460622191429027e-01
-5.338834211230277793e-01
4.402012437582015769e-01
4.575191825628280862e-01
2.745049662888049968e-01
1.579462513327598572e-01
5.876821968704461913e-02
-4.186912812292575836e-02
-1.760388460010290090e-01
-3.040365949273109436e-01
-2.771832764148712269e-01
-4.919737443327903970e-01
-3.609744358807802089e-01
-2.571238614618778229e-01
-1.441795248538255692e-01
-2.153909482061862890e-01
7.471427749842404764e-02
-4.702979192137718423e-01
-3.345510307699441910e-01
-7.590519391000271066e-01
-8.788737893104553445e-01
-1.974851392209529821e-01
-6.235049016773700492e-01
-4.662577712908387295e-01
-1.442702189087867806e-02
-9.776691496372222345e-02
-2.100124247372150421e-01
-3.686069291085004584e-01
-4.860809788107872120e-01
-1.880007851868867874e-01
-3.952570278197526932e-01
-3.163767307996749878e-01
-1.597134746611118261e-01
-2.003154467791318782e-01
-2.485090464353561512e-01
-3.020922437310218922e-01
-3.618717513978481071e-01
-4.313515231013297924e-01
-5.194025829434394392e-01
-6.438742220401764138e-01
-8.503644287586211714e-01
-6.653000257909298387e-01
-5.217175032943487389e-01
-1.805474486202001683e-01
2.424241807311773300e-01
-1.833807768300175778e-01
-4.204790011048317178e-01
-2.182806242257356588e-01
-5.044974900782108751e-01
2.668238274753093608e-01
1.392581986263394245e-01
8.832719027996063788e-02
-5.039109155535698159e-01
5.086031656712293181e-01
1.704814507067203611e+00
1.753618529438972562e+00
4.920834437012672202e-01
2.898577019572258218e-01
1.618346026167273577e-01
8.049904294312000552e-02
1.096713449805974960e-02
-4.607353359460830688e-02
-9.729194827377796173e-02
-1.350571706891059987e-01
-1.893509421497583389e-01
-2.517056103795766719e-01
-3.049568735063076241e-01
-3.603187486529350059e-01
-4.237371116876602062e-01
-4.905774757266044839e-01
-5.708112835884093794e-01
-6.808660000562667403e-01
-8.586786329746246560e-01
-7.410847127437591997e-01
-6.666377369314432366e-01
-9.368394821882247703e-01
-5.972082540392875671e-01
-1.890343323349952809e-01
-7.856257967650889795e-02
-1.967486716806888525e-01
-2.185587521642446407e-01
-3.963871169835329056e-01
-5.034926563501358476e-01
-6.451847195625305398e-01
-8.463200271129608376e-01
-6.207534093409776688e-01
-3.689473830163478851e-01
-4.850394353270530701e-01
-5.980424150824547036e-01
-6.809170782566070779e-01
-8.698539733886718750e-01
-1.086802610754966647e+00
-9.395403660833835380e-01
-3.242156390100717767e-01
-7.463935069739818795e-01
-6.429241657257079856e-01
-6.297135889530182107e-01
-7.676669597625732644e-01
-9.686614036560058372e-01
-1.057464000582694963e+00
-5.472125321626662986e-01
-5.880836114287376626e-01
-6.902984321117401345e-01
-8.175313919782638550e-01
-9.819680571556090865e-01
-1.242535173892974854e+00
-1.387106651067733676e+00
-1.153910681605339050e+00
-1.246413773298263639e+00
-1.275953423976898149e+00
-6.164963386952877489e-01
4.445922613143921120e-01
-2.393192421644926016e-01
-4.772127561271190532e-01
-5.495670940726995468e-01
-7.413594871759414673e-01
-1.201748239994049117e+00
-1.510352087020873979e+00
-1.260627834498882383e+00
-2.467150207608938273e-01
2.784038186073303084e-02
-3.673423469066620095e-01
-5.084578543901443481e-01
-6.261973097920418008e-01
-6.683812811970710754e-01
-8.428166925907134566e-01
-7.473324537277221680e-01
-6.112547323107719865e-01
-6.676634714007377847e-01
-7.479683160781860352e-01
-8.582111865282058272e-01
-1.107873299717903048e+00
-4.576137907803058402e-01
-2.300289597362280003e-01
-5.010845214128494263e-01
-8.561386674642562644e-01
-4.084936331957578770e-01
-3.727113481611013523e-01
-5.482755079865455627e-01
-6.835420951247215271e-01
-2.978891473263501899e-01
-4.166211917996406333e-01
2.823478380218148454e-01
5.032769322395325151e-01
-5.105326920747756819e-02
-2.550663232803344616e-01
-3.252268694341182709e-01
-4.102032445371150970e-01
-4.745688706636428944e-01
-5.389355093240737471e-01
-6.111954823136329651e-01
-6.986118733882904497e-01
-8.204381912946701050e-01
-1.035338383913040117e+00
-1.349060097336769015e+00
-1.425829291343688965e+00
-1.983486652374267578e+00
-3.335726093500852585e-01
-6.433429699391127188e-02
-3.511318370699882396e-01
-6.049676463007926941e-01
-6.908211261034011841e-01
-5.522029060870409234e-01
-7.162290975451469643e-01
-6.172376014292240143e-01
4.906809225678444020e-01
1.375314816832542454e-02
-1.747865375131368582e-01
-2.993159011006355508e-01
-4.704070106148720010e-01
-7.488766074180602805e-01
-7.444491863250732866e-01
-2.436847100034356117e-01
8.892407491803169806e-02
-3.500182516872882982e-02
-1.205526113510131808e-01
-1.777564268559217453e-01
-2.215188771486282238e-01
-2.600735738873481973e-01
-2.963483236730098946e-01
-3.351314045488834603e-01
-3.734695449471473472e-01
-4.155632704496383667e-01
-4.635475933551788108e-01
-5.150122493505477905e-01
-5.865755990147590859e-01
-6.827879935503006203e-01
-8.061163038015365379e-01
-1.072927278280258134e+00
-7.032882571220397949e-01
-5.513820990920066389e-01
-6.582922443747520891e-01
-7.649918258190154807e-01
-8.945435196161269920e-01
-1.137207323312759311e+00
-1.283147236704826444e+00
-9.087329462170601335e-01
1.383503260090947207e-01
-3.138619009405374527e-01
-4.711202874779701344e-01
-5.317190602421760781e-01
-5.798366010189056619e-01
-8.414642404764890449e-01
-8.287093371152878252e-01
-3.312703739851713403e-01
3.950203444808721431e-01
3.076391592621803214e-02
-1.410126399248838314e-01
-2.785244803875684960e-01
-3.697644978761672752e-01
-4.353134609758854134e-01
-5.092931240797042847e-01
-5.909881740808486938e-01
-6.896301433444023132e-01
-8.099871218204498513e-01
-9.694581359624863115e-01
-9.838169634342193159e-01
-7.606734473258256468e-01
-4.280961366370320542e-01
-6.046639941632747650e-01
-5.352729931473731995e-01
-6.080544725060462730e-01
-7.280293658375740495e-01
-8.462537765502929910e-01
-1.039029958844184920e+00
-7.250032246112823042e-01
-3.578595943748951180e-01
-4.503209114074707142e-01
-3.993871048092841880e-01
-6.308997154235840288e-01
-7.202111363410950151e-01
-2.989404508844017982e-01
-8.489104092121124712e-01
4.937704075127840042e-01
1.495424026250839145e+00
1.864696323871612549e+00
1.033967165648937314e+00
4.050971895456313976e-01
-2.552263960242271562e-02
-1.338190626353025492e-01
-2.086821164935827311e-01
-2.579715367406606452e-01
-3.051753766834736092e-01
-3.437258049845695607e-01
-3.830251738429069630e-01
-4.267925865948200004e-01
-4.822165310382843240e-01
-5.473694771528243574e-01
-6.248724535107612610e-01
-7.338084608316421953e-01
-9.090972840785980225e-01
-4.585213541984557994e-01
5.444153979420661704e-01
1.753666406497359220e-01
-7.077163476496935168e-02
-2.298436999320983831e-01
-3.069586303085088952e-01
-3.303061470389366261e-01
-3.352233439683914296e-01
-4.311457335948943870e-01
-4.928309813141822926e-01
-5.373407334089279619e-01
-6.723818570375442727e-01
-7.827173829078674094e-01
-1.102336503565311404e-01
2.594736620783805736e-01
4.052498195320367591e-01
1.166561145335435867e+00
1.524748457968235105e+00
7.124122913926840273e-01
1.049966097623109773e+00
1.118010190129280046e+00
6.188391029834747759e-01
4.285088963806629181e-01
3.137227952480315940e-01
2.216696061193942913e-01
1.398489248007535879e-01
6.954976599663495462e-02
9.190607815980911255e-04
-5.770183373242616931e-02
-1.138934083282947540e-01
-1.637098226696252767e-01
-2.091043513268232290e-01
-2.516139309853315242e-01
-2.894140120595693477e-01
-3.271076228469610436e-01
-3.744199104607105477e-01
-4.426302537322044373e-01
-5.482946395874023215e-01
-8.376963675022125466e-01
-1.388933029025793131e-01
-2.618399780243635400e-01
-3.387868389487266318e-01
-3.830638989806175454e-01
-4.191598929464817047e-01
-4.613653033971786277e-01
-5.101740613579750505e-01
-5.648249611258506775e-01
-6.341271981596946494e-01
-7.204315617680550066e-01
-8.500538289546966109e-01
-1.044645163416862532e+00
-9.154201719909906831e-01
-4.853269889950752036e-01
-1.152501787990331678e-01
-3.413838867098092922e-01
-4.553495705127715842e-01
-5.013225466012954934e-01
-5.453983977437019126e-01
-5.887360915541648421e-01
-6.401353329420089722e-01
-7.126162201166152954e-01
-8.115388035774231401e-01
-9.773042887449264748e-01
-1.364966255426406816e+00
-1.560883516073226840e+00
-1.587234085798263639e+00
-9.912490859627723916e-01
-6.942897960543632507e-01
-8.816230222582817078e-01
-1.083289676159620241e+00
-6.719741620123386161e-01
-7.571873456239700539e-01
-4.339200407266616821e-01
4.614328540861606376e-01
-1.039004325866699132e-03
-2.045592363923788015e-01
-3.366086289286613353e-01
-5.638917520642280357e-01
-5.269003927707671675e-01
-5.123849064111709595e-01
-6.123553320765495744e-01
-7.668536186218262163e-01
-1.085311710834503174e+00
-8.231553733348846436e-01
-7.825891435146331565e-01
-9.641521245241164717e-01
-1.122378326952457428e+00
-5.856066042557358520e-01
-4.678086096420884243e-01
-5.926380500197410139e-01
-7.390978217124939409e-01
-9.827991753816605058e-01
-5.039658099412918091e-01
2.724659899249672890e-01
-1.428689761087298393e-01
-2.814965488389134518e-01
6.394462734460830688e-01
5.058034107089042219e-01
3.088404305279254802e-01
1.810896791517734583e-01
8.968681450933217725e-02
1.653902586549520562e-02
-4.345052316784858704e-02
-9.660736396908760348e-02
-1.487744867801666371e-01
-1.975760150700807682e-01
-2.490723794326186180e-01
-3.176297120749950187e-01
-4.002061434090137260e-01
-5.110411569476127625e-01
-7.227365374565124512e-01
-8.927051335573196189e-01
-6.962718218564987183e-01
-1.083902379497885676e-01
4.883669897913932578e-01
5.768657531589269777e-02
7.747093979269266406e-02
3.321033362299203873e-01
1.054528728127479553e+00
2.447341382503509521e+00
1.560363200306892351e+00
9.534217238426208052e-01
5.387519679963588271e-01
3.204923536628484504e-01
2.264056649059057180e-01
1.660145087167620714e-01
1.232253987342119272e-01
8.363033998757600507e-02
4.408100657165050368e-02
2.687555029988288741e-02
-9.510521404445171009e-03
-3.766672033816576004e-02
-6.366034783422946930e-02
-8.537826184183358591e-02
-1.044559242203831617e-01
-1.244751449674367932e-01
-1.468285731971263885e-01
-1.771372353658079990e-01
-2.088548891246318762e-01
-2.383278567343950216e-01
-2.686929173767566570e-01
-2.958503816276788490e-01
-3.266886558383703121e-01
-3.575530186295509116e-01
-3.906691692769527213e-01
-4.281836554408073314e-01
-4.711462602019310109e-01
-5.353799611330032349e-01
-6.458379641175270303e-01
-8.775968715548515542e-01
-1.069711706042289823e+00
-8.079621493816375732e-01
-8.985866162925958411e-01
-5.706698879599571006e-01
-1.150417568162083598e-01
-4.497562438249588235e-01
-3.196043808013200871e-01
2.763960815966129414e-01
3.046948775649070962e-01
1.738303240388631710e-01
7.669396754354237955e-02
-1.086853388696908986e-02
-7.937231659889221191e-02
-1.335284933447837830e-01
-1.839958131313323975e-01
-2.348314562812447437e-01
-2.912123508751392476e-01
-3.567086335271597020e-01
-4.321687862277031056e-01
-5.324021160602570024e-01
-6.609618887305259705e-01
-8.846808671951293945e-01
-8.451812803745269997e-01
-7.409232273697853310e-01
1.776884607970714569e-01
-6.584460139274597723e-02
-2.297441730275750216e-01
-3.160350337624550088e-01
-3.406017847359180672e-01
-3.889067918062210083e-01
-4.326199457049370034e-01
-4.946912273764610402e-01
-5.559791430830955949e-01
-6.225029930472374406e-01
-6.048782840371131897e-01
-6.934669122099876848e-01
-8.342480629682540449e-01
-9.040094673633575217e-01
-3.703818995505571143e-01
6.570559572428464890e-01
1.698773573338985488e+00
7.764770269393921343e-01
4.265439100563526154e-01
2.964877221733331902e-01
1.614834826439618953e-01
8.306468110531568805e-02
-2.811191640794277052e-02
-1.039343588054180145e-01
-1.530205812305212021e-01
-1.895171891897916849e-01
-2.276579726487398259e-01
-2.579093333333730698e-01
-2.859384752810001373e-01
-3.097998201847076416e-01
-3.372048556804657093e-01
-3.645591877400874981e-01
-3.891373917460441700e-01
-4.184142231941223034e-01
-4.110567659139633401e-01
-4.936352968215942383e-01
-5.439764022827148215e-01
-5.989649176597595659e-01
-6.621346309781074302e-01
-7.421783387660980669e-01
-8.586517155170441118e-01
-1.100162339210510209e+00
-1.465579962730407804e+00
-1.111359322071075351e+00
2.521147459745406993e-01
9.869681578129529953e-01
9.924722749739884886e-01
3.435785094276070373e-01
-4.970362782478332866e-03
9.568795405328274217e-01
3.873198938369751154e+00
1.498806089162826538e+00
5.520376875996589883e-01
2.938853550702333339e-01
1.817869421094656102e-01
1.432144593447446934e-01
7.959211170673370639e-02
1.705617122352123122e-02
2.022737637162208449e-04
-5.585472565144300461e-02
-1.039968531578779193e-01
-1.318734148517251015e-01
-1.347706422209739574e-01
-1.685109242796897777e-01
-2.275661069899797551e-01
-2.853163614869117515e-01
-3.316092740744352452e-01
-3.770376119762658962e-01
-4.407267466187477223e-01
-5.267477147281169891e-01
-6.371714264154434426e-01
-7.573167726397513899e-01
-7.294822067022324052e-01
-3.203745305538177601e-01
1.653092090040445272e-01
1.811796772480011031e+00
8.963311091065406799e-01
2.460481464862823431e-01
5.745815020054578781e-02
-8.128838576376437586e-02
-1.271211907267570385e-01
-1.613020073622465078e-01
-1.984895557165145819e-01
-2.509580560028553120e-01
-2.888299297541380151e-01
-3.236395865678787231e-01
-3.567098453640937805e-01
-3.853066906332969777e-01
-4.353772059082984813e-01
-4.799291163682937733e-01
-5.126566737890243530e-01
-5.593933403491974099e-01
-6.235204532742499861e-01
-6.962525248527526855e-01
-7.805206641554832681e-01
-7.967362061142921892e-01
-9.452660411596298662e-01
-9.603712853044271691e-01
-1.525430366396904047e-01
-2.383675731718540303e-01
-5.854043900966644509e-01
1.335789852589368776e+00
1.067782796919345856e+00
3.228412888944148795e-01
-4.830202005803584941e-01
-3.195220245048403518e-01
2.263036575168371131e-02
-2.275277635082602612e-01
7.189399078488349915e-01
3.252282097935676464e-01
-4.414168186485767365e-03
-9.055705331265925806e-02
-1.560591381043195669e-01
-1.936970658600330464e-01
-2.601763889193534629e-01
-2.809972565621137730e-01
-3.075503494590520748e-01
-3.533694863319397084e-01
-3.628418192267418019e-01
-3.906094726175070031e-01
-3.977914102375507133e-01
-3.709269337356090324e-01
-4.705581557005643623e-01
-5.317600481212139130e-01
-5.593097902834415214e-01
-4.699957396835088841e-01
-6.218034312129020469e-01
-6.683189138770103677e-01
-1.051559957861900374e+00
-1.049900171160697893e+00
-1.191895980387926157e-01
5.000852800905704054e-01
1.772751593962311745e-01
-4.618307445198297639e-02
-1.933224499225616455e-01
-3.231068335473537556e-01
-4.322562813758850098e-01
-5.346204504370689614e-01
-6.549609139561652915e-01
-8.614593684673309548e-01
-6.106864532455802408e-01
-2.963574167340993770e-01
-4.458050489425658958e-01
-5.125249952077866045e-01
-5.717403814196586609e-01
-6.663336962461471336e-01
-7.530140548944472823e-01
-9.028144836425781028e-01
-1.163049176335334778e+00
-7.506138769909739272e-01
-9.541657790541649420e-02
2.893362632021307945e-01
6.282460801303386966e-02
3.794222060590982659e-01
8.183205053210258761e-02
3.571440463513135821e+00
2.693824368715286077e+00
1.693281012773513838e+00
1.804070353507995605e+00
2.145978373289108454e+00
1.666618853807449341e+00
1.492454054951667830e+00
1.297896096110343844e+00
1.120990025997161910e+00
8.726602077484131303e-01
7.113051220774651018e-01
5.877415522933006065e-01
5.119958475232124773e-01
4.591391295194625632e-01
3.814482510089874379e-01
3.276421751827001683e-01
3.236573651432991250e-01
2.759191885590553395e-01
1.969052268192172106e-01
1.469441305845975987e-01
1.066274702548980768e-01
6.749191880226135254e-02
3.934722505509853641e-02
6.288617476820945393e-03
-2.565998099744319985e-02
-6.433689147233963290e-02
-7.377792522311210632e-02
-1.070692975074052783e-01
-1.055662550032138852e-01
-1.324546497315168270e-01
-1.776220139116048702e-01
-2.206745468080043848e-01
-2.865867521613836288e-01
-3.474082879722118489e-01
-4.362748909741639980e-01
-5.019763927906751855e-01
-6.183620052412152068e-01
-7.237704724073410478e-01
-5.331526000052690950e-01
1.082859804853796987e-01
3.485240045934915321e-01
-7.618927545845508020e-02
-3.270074825733900181e-01
-3.950958486646413692e-01
-4.672234937548637168e-01
-5.943112179636955705e-01
-7.248553067445755449e-01
-9.291879862546921220e-01
-7.427800118923186812e-01
-2.804175071418285592e-01
-3.871656544506549835e-01
-4.484145909547805897e-01
-4.951593294739723428e-01
-5.328427329659461975e-01
-5.691217109560966492e-01
-6.113144695758819802e-01
-6.582574516534804854e-01
-7.182771846652030723e-01
-7.971574515104293823e-01
-8.973899215459824052e-01
-1.036305812001228288e+00
-1.350250220298767179e+00
-1.439805093407630965e+00
4.336330747231841309e-01
6.050183812156320062e-01
-1.277844440191984107e-02
-7.840645194053650346e-01
-1.221856344491243362e-01
-2.408702470362186487e-01
1.017090044170618102e+00
7.484413264319300652e-01
3.493679158389568218e-01
1.175832401961088153e-01
-6.215871647000312944e-02
-3.291182905435562356e-01
-6.284183178097009215e-01
8.162557538598776141e-02
-1.449834780767559894e-01
-2.339824046939611435e-01
-3.784859023988246807e-01
-4.685384750366211049e-01
-5.152659505605697854e-01
-6.277992725372314453e-01
-7.320315599441528098e-01
-8.958974182605743408e-01
-5.431168535724282265e-01
-1.433380093425512258e-01
-3.766801387071609386e-01
-4.266080990433692710e-01
-4.807341262698173745e-01
-5.372871994972229226e-01
-6.026759430766105430e-01
-6.834683328866958396e-01
-7.930752366781235185e-01
-9.702300488948821799e-01
-7.695620834827423540e-01
2.735191740095615498e-01
-4.314477834850549698e-02
-1.597430408000946045e-01
-2.286165568977594487e-01
-2.727244377136230358e-01
-3.046456120908260234e-01
-3.306589812040329202e-01
-3.533697597682475822e-01
-3.739875972270965687e-01
-3.935205422341823689e-01
-4.125282756984233745e-01
-4.314608469605445973e-01
-4.508837386965751648e-01
-4.713601276278495678e-01
-4.935898393392562644e-01
-4.895327404141426308e-01
-5.203082054853439553e-01
-5.596171900629997031e-01
-5.963181659579277483e-01
-6.386211037635802779e-01
-6.953452467918396218e-01
-7.772634565830230935e-01
-9.465518355369567649e-01
-1.250494423508644148e+00
-8.378281086683273537e-01
-1.179995492100715665e-01
1.352622313052415759e+00
1.247157819569110870e+00
1.204549339413642839e+00
9.787986870855093224e-01
5.302748313173651917e-01
1.149225089699029978e-01
-9.387780353426933636e-03
1.520916327834129222e-01
5.411122022196650505e-01
6.455308578908443007e-01
5.848209951072931567e-02
-2.240256521850824412e-01
-4.662395194172859469e-02
1.355094648897647858e-01
2.110261238366365255e+00
1.353206151723861606e+00
5.818046316504478233e-01
2.771466026082635148e-01
9.242972973734139841e-02
-1.271691154688596795e-02
-8.864678442478179932e-02
-1.856625577434897478e-01
-5.887965222820639166e-01
-7.927084423601626906e-01
-8.884470038115978019e-01
-2.064561825245618820e-01
2.307923305779695511e-01
1.161860555410385160e-01
-3.300211198627948650e-01
-3.696496374905109544e-02
-4.047106727957725664e-02
-2.636962622404098733e-01
-3.909285463392734306e-01
-5.015285268425941911e-01
-6.794333070516586082e-01
-7.991289570927619934e-01
-6.184253036975860818e-01
-7.962546318769454512e-01
-1.033385014533996671e+00
-4.671121008694171794e-01
-1.798876300454139640e-02
-1.971152225509285871e-01
-3.568477794528007729e-01
-5.604309454560280068e-01
-1.015840753912925720e+00
-7.855861544609069602e-01
-5.686386987566948159e-01
-3.798037027940154298e-01
-6.466681409627199617e-01
-5.937014751136302504e-01
-3.675816889852285274e-01
-4.211346156895160453e-01
-4.726719766855239646e-01
-5.032020151615143044e-01
-5.231008201837539229e-01
-5.606736876070499420e-01
-7.049328327178955300e-01
-8.222714573144912498e-01
-1.005357694625854448e+00
-1.410821080207824707e+00
-9.853891309350728545e-01
-7.135849505662917869e-01
-3.153824754059314506e-01
-3.451698280870914570e-01
2.485266324132680837e-01
2.274926558136939891e-01
8.011581562459468148e-03
-2.259485557675361689e-01
-5.401419725269078764e-01
-5.362749174237251282e-01
1.165472787618637041e+00
2.133206490427255742e-01
-2.311037246137857548e-01
2.443886723369360081e-01
2.793355304747819901e-01
4.277369445189833641e-01
5.028271339833736420e-01
6.288139633834362308e-02
-2.811350390315056069e-01
-7.073784336447715981e-01
-4.053395805880427583e-01
2.778140380978584290e-01
1.128818374127149582e-02
-7.359964624047279358e-01
-6.426488272845745642e-02
-2.908108498901128547e-01
-3.198292899876832851e-01
-4.430294930934906006e-01
-5.284721449017524275e-01
-6.377485334873199685e-01
-6.927493259310721907e-01
-7.710237979888916460e-01
-6.426257207989692910e-01
-1.044082978367805392e+00
-1.394996443390846164e+00
-1.691780084371566684e+00
-5.503915708512068239e-01
-8.415164932608604209e-01
-8.559771046042442544e-01
-1.149411207437515348e+00
-6.878041371703147444e-01
-7.566790044307708518e-01
-8.822582334280013594e-01
-9.124057829380035622e-01
-1.017903864383697510e+00
-1.407540339231491133e+00
-1.605163419246673495e+00
-1.109931884706020444e+00
-8.828480169177055359e-02
-3.784357450902461895e-01
-4.887625455856323131e-01
-5.570280626416206360e-01
-6.185838997364043745e-01
-6.812931671738624573e-01
-7.484039127826690452e-01
-8.323842763900757280e-01
-9.333099275827407837e-01
-1.053922414779663086e+00
-1.243467551469802812e+00
-1.294111895561218306e+00
-8.908939629793166670e-01
-9.471289455890655740e-01
-1.061520197987556369e+00
-1.209465277194976762e+00
-1.394642877578735396e+00
-1.713145029544830278e+00
-2.339816975593566717e+00
-1.204925140738487332e+00
-1.145719614624977067e+00
-7.621835649013519731e-01
-7.313249588012695757e-01
-9.913713932037353516e-01
-1.041309010982513383e+00
-6.888315171003341897e-01
-6.692632764577866045e-01
-7.151956260204315186e-01
-7.668951332569122759e-01
-8.292645990848541704e-01
-8.920220017433166948e-01
-9.742056488990783469e-01
-1.065564635396003768e+00
-1.189119142293930009e+00
-1.401030671596527055e+00
-1.592093098163604781e+00
-1.037720105051994413e+00
-8.854962240904569182e-01
-9.742219924926758257e-01
-1.043304026126861572e+00
-1.297719874978065402e+00
-8.985832210630178007e-01
6.775732472538947837e-01
1.533143301308155015e+00
1.467165410518646240e+00
7.287107348442077859e-01
6.724946320056914839e-01
5.161300837993622048e-01
2.322016721591353416e-01
8.098207134753465652e-02
3.834337312728166441e-02
-4.353972841054200987e-02
-1.022593759000301333e-01
-1.442485947161912807e-01
-1.791819952428340967e-01
-2.118173945695161764e-01
-2.387611120939254761e-01
-2.633360616862773784e-01
-2.891122639179229958e-01
-3.126166254281997903e-01
-3.360373586416244285e-01
-3.598061576485633850e-01
-3.841997697949409707e-01
-4.101117312908172385e-01
-4.402256160974502563e-01
-4.678796753287315369e-01
-4.966710254549980275e-01
-5.270074024796486123e-01
-5.591797977685928345e-01
-5.928433686494827271e-01
-6.319444507360458818e-01
-6.753218144178390059e-01
-7.397328943014145342e-01
-8.067790597677231279e-01
-8.912533700466156450e-01
-1.050473016500472978e+00
-1.423681473731994718e+00
-1.290399008989334018e+00
-1.570398804545402482e+00
-1.533078131079673723e+00
-7.108927113935351594e-01
-3.582654550671577343e-01
-6.317669913172722085e-01
-7.990353435277939287e-01
-9.498136460781096968e-01
-1.199109479784965515e+00
-4.955213852226734161e-01
-1.448581852018833091e-02
-1.057021223008632604e-01
-3.889542896300554053e-01
-5.182910576462745889e-01
-6.005713567137718201e-01
-6.561208665370941162e-01
-7.234086781740188821e-01
-7.853084325790404829e-01
-8.580547779798507468e-01
-9.541651815176009910e-01
-1.092347797751426652e+00
-1.360688859224319369e+00
-1.552949506044387862e+00
-1.145655973255634397e+00
-2.490130852907896097e-01
-4.041973352432250977e-01
-5.312583193182944807e-01
-6.121194139122962952e-01
-6.765654981136322021e-01
-7.330677330493926558e-01
-7.878082901239394920e-01
-8.453203052282333152e-01
-9.102678537368774636e-01
-9.890130728483199629e-01
-1.093326619267463773e+00
-1.253951853513717740e+00
-1.635933595895767256e+00
-8.307715028524398360e-01
-8.249680072069167647e-01
-8.658020287752151711e-01
-9.168076217174530029e-01
-9.776569068431854026e-01
-1.048624926805496127e+00
-1.135171973705291659e+00
-1.247965198755264238e+00
-1.413230872154235929e+00
-1.762929201126098633e+00
-1.398189830780029341e+00
-1.220664927363395602e+00
-1.319068747758865401e+00
-1.454815423488617032e+00
-1.641691374778747603e+00
-2.004115951061248957e+00
-2.097001320123672574e+00
-2.253038978576660245e+00
-2.112834042310714810e+00
-1.800446391105651855e+00
9.882354836910962614e-01
1.737237853556871325e+00
2.524205248802900425e-01
9.013395076617598534e-01
2.328768658638000311e+00
1.846441006660461515e+00
1.659744077920913607e+00
1.311091345548629716e+00
6.869863960891962051e-01
1.109678899310529321e+00
1.199939950928091914e+00
2.113974226638674625e-01
3.890470085665583833e-01
-5.265691746026277681e-02
6.737715534865855727e-01
-2.119975637644529454e-01
3.550953231751918793e-02
-1.394177149981260244e-01
-8.189290419220924822e-01
-1.119360962882637978e+00
-3.697215093299746624e-01
7.273238871246576753e-01
2.571752345561981290e+00
1.758583727478981062e+00
9.036417499184608015e-01
3.063919411972165219e-01
2.264387104660272459e-02
-1.520593352615833352e-02
-1.491265309974551256e-01
-2.333057422190904506e-01
-2.732883442193269619e-01
-1.104208640754222870e-02
-3.353876961395144685e-01
-4.387329772114753612e-01
-6.379198545590043512e-01
-1.494203853607177779e+00
-1.624837714433670088e+00
-1.679486274719238281e+00
-1.187845820188522250e+00
-8.027282306924462540e-01
-2.389900386333465576e-01
3.059479972347617371e-01
-3.717009937390685081e-01
-9.986495822668075562e-01
1.023464620113372775e-01
8.724466592073440996e-01
4.965577490627765544e-01
2.282739944756030925e-01
7.086965162307024002e-02
-7.489635422825813293e-02
-1.482754375785589329e-01
-3.090616878122091071e-01
-4.480195522308349498e-01
-5.817826822400092857e-01
-9.432708695530891418e-01
-8.048112548887729201e-01
4.645693421363830677e-01
2.924278572201728932e-01
4.034439418464898924e-02
-1.023078247904777582e-01
-1.841872729361057337e-01
-2.437406115233898274e-01
-2.805381193757057190e-01
-3.032135441899299622e-01
-3.305290259420871624e-01
-3.498803287744521873e-01
-3.676266983151436074e-01
-3.848576292395591847e-01
-4.020512066781520844e-01
-4.184360384941100963e-01
-4.350983738899231179e-01
-4.523114055395126565e-01
-4.704880267381668091e-01
-4.898029208183288796e-01
-5.106141746044159380e-01
-5.336300507187843323e-01
-5.619994327425956726e-01
-5.943589776754378828e-01
-6.317225113511085732e-01
-6.760225206613540427e-01
-7.317160815000534058e-01
-7.968792855739593728e-01
-8.879868477582931741e-01
-1.054296070337295443e+00
-1.532081347703933671e+00
-1.606405273079872131e+00
-7.686711281538010088e-01
5.367188163101672682e-01
7.827919969335198624e-01
1.717923617362976163e+00
2.574219864606857477e+00
9.660184830427169800e-01
4.913796573877334817e-01
2.720519933849573357e-01
1.590967211127281233e+00
7.099217444658278975e-01
3.504466764628887399e-01
6.287062354385852814e-02
4.684782773256302053e-03
-8.315007798373699743e-02
-1.303501117974519841e-01
-2.003303732722997721e-01
-2.434556722640991155e-01
-2.532885935157537238e-01
-2.780356608331203683e-01
-3.000514365732669941e-01
-3.313017413020133972e-01
-3.579805999994277732e-01
-3.874960944056510814e-01
-4.261122658848762734e-01
-4.360411733388900868e-01
-4.398465037345886119e-01
-4.658287733793258778e-01
-4.807074129581451194e-01
-4.995578303933143616e-01
-5.113912686705589516e-01
-5.177314683794975725e-01
-5.633270025253296343e-01
-5.897856101393699202e-01
-6.276205435395241228e-01
-6.536253601312637107e-01
-6.890330776572227700e-01
-7.293678551912308183e-01
-7.702267885208129439e-01
-8.173829674720763938e-01
-8.744070112705231157e-01
-9.482485413551330344e-01
-1.056965094804763750e+00
-1.275646418333053589e+00
-8.994947329163551775e-01
-3.339563552290201187e-01
-4.464742757380008586e-01
-5.501391768455505815e-01
-6.098096773028374162e-01
-6.129593312740325706e-01
-7.493464112281799094e-01
-8.228235930204391702e-01
-9.117365956306457964e-01
-1.003360560536384671e+00
-1.246836712956428617e+00
-8.960622131824493852e-01
-1.155508798360824541e+00
-4.792944546788930893e-01
-1.079123623669147464e-01
-8.682169653475284299e-02
-4.191423915326595445e-02
-4.444103747606277244e-01
-9.726809378713369147e-01
-8.044130928814411385e-01
4.052950222045182960e-01
-3.440873296931385994e-01
-4.192386522889137157e-01
-5.584015935659408791e-01
-3.242289196699857934e-01
-5.901199258863926156e-01
-8.042513713240623252e-01
-6.777836397290230019e-01
-1.023468032479286194e+00
-1.280295929312706082e+00
-1.112381769716739743e+00
-1.317438477277755648e+00
-7.601976007223129050e-01
-6.550597354769707170e-01
-7.465699657797812971e-01
-8.173743754625319990e-01
-8.820644974708556907e-01
-8.677026867866516335e-01
-9.986379012465477212e-01
-1.079688692092895419e+00
-1.452939179539680437e+00
-9.679968133568763733e-01
-4.630681373178958671e-01
-6.547826796770095381e-01
-7.588976114988327248e-01
-9.675020039081573264e-01
-1.088298538327217013e+00
-1.135374733805656344e+00
-1.279425603151321367e+00
-1.404807132482528642e+00
-1.767926642298698336e+00
-1.320926040410995483e+00
-8.410104975104332192e-01
8.930166248232126458e-01
-8.699982129037379941e-02
-8.674206376075744851e-01
8.839400224387645721e-01
-3.837753389030694740e-01
-5.519339077174663100e-01
-3.147495318204164283e-01
-6.555312609300016913e-01
-8.794909249991178513e-01
-9.819361329078674094e-01
5.747957792133092658e-01
-5.849411301314830919e-02
-3.201351311057806237e-01
-4.082244021818041690e-01
-4.782648354768753163e-01
-5.311037600040435791e-01
-6.100656971335410850e-01
-6.009303800761699454e-01
-6.466412235051393065e-01
-5.894876778125762717e-01
-6.581051886081695779e-01
-7.217820137739181519e-01
-8.298378914594650713e-01
-9.664545863866805808e-01
-1.055033212900161832e+00
-1.135923546552658037e+00
-1.247319799661636308e+00
-1.455376213788986295e+00
-1.399744608253240541e+00
-4.530083745718002097e-01
-9.195839464664459229e-01
-1.009475386142730802e+00
-1.116510799527168363e+00
-1.192260304093360812e+00
-1.214861512184143066e+00
-1.453461992740631148e+00
-1.001669576764106839e+00
2.349572405219078203e-02
1.117433227598667173e-01
-2.058148862794041689e-01
-5.376604028046131356e-01
-5.635719362646340880e-01
-9.330428451299667136e-01
-1.065141472965478897e+00
-2.400896491482854000e-01
-5.169293690472841485e-01
-6.728951480239629968e-01
-7.964216649532318559e-01
-2.571358444169163926e-01
-1.841439150273799785e-01
-4.590065840631723515e-01
-8.773964643478393555e-01
-1.088999177515506789e+00
-1.254868885874748319e+00
5.783412409946322441e-01
-3.068102523684501648e-04
-3.436860039830207936e-01
-5.069914139807224496e-01
-5.553233928978442702e-01
-6.695011734962463823e-01
-7.063539057970047441e-01
-8.024854853749274763e-01
-8.661396622657775435e-01
-1.004886221885681108e+00
-1.170653012394905046e+00
-1.582997417449951261e+00
-1.013535839319229082e+00
-9.158467203378677368e-01
-9.426268041133880615e-01
-1.033272489905357361e+00
-1.025752842426300049e+00
-1.103076639771461531e+00
-1.309818685054779053e+00
-1.431260740756988614e+00
-1.834835636615753218e+00
-1.699648249149322554e+00
-1.616622215509414762e+00
-1.574420455098152205e+00
-1.251719257235527127e+00
-1.035229793563485101e+00
1.637828310206532523e+00
1.839952474832534879e+00
1.016373101994395345e+00
9.942636534571647200e-01
1.353068704903125807e+00
3.532394051551818737e-01
-4.122586082667112350e-01
-6.928862858563661353e-01
-1.399789427220821336e+00
-1.243400487303733870e+00
-3.438565131276846154e-01
-9.608458787202834861e-01
-1.154391539096832231e+00
-7.884861961007118003e-01
1.038625906407833144e+00
2.409834675490856171e-01
-7.232218623161316140e-01
-7.767284139990806580e-01
2.852041438221931680e-01
-3.865192029625177245e-02
-2.272062551230192295e-01
-4.600149881094693916e-01
-6.120791316032410112e-01
-6.090952727943659273e-01
-6.632343448698521104e-01
-8.578239649534225020e-01
-7.309421908110380617e-01
-4.028109738603234402e-01
-7.189751695841550827e-01
-3.885358113795518986e-01
-8.612195428460835966e-01
-1.249122816324234053e+00
-2.154139213263988606e-01
-1.384178737178444751e-01
-4.472366370260715263e-01
-5.195174500346183555e-01
-5.644070044159888999e-01
-6.155061855912208335e-01
-6.747055739164352639e-01
-7.299121022224426270e-01
-7.692789524793625100e-01
-8.066852986812591553e-01
-8.401010006666183028e-01
-8.805015951395034346e-01
-9.502835154533386675e-01
-1.046599778532981917e+00
-1.214712026715278670e+00
-1.287187667191028506e+00
-4.273408427834510803e-01
-4.272587228566407935e-01
-4.834936715662479512e-01
-5.704093873500823975e-01
-5.974201425909996255e-01
-6.284282058477401733e-01
-6.600073069334030373e-01
-6.808538034558295760e-01
-7.004825055599213091e-01
-7.200105741620064226e-01
-7.398514166474342568e-01
-7.612385079264640808e-01
-7.844265788793564065e-01
-8.108761936426163164e-01
-8.414403229951858965e-01
-8.769008964300155640e-01
-9.183245748281478882e-01
-9.670727431774139848e-01
-1.027226933836936862e+00
-1.109033203125000089e+00
-1.243681836128234908e+00
-1.601412159204482988e+00
-1.568495368957519620e+00
-2.080413275957107455e+00
-2.110978651046752752e+00
-2.174397313594818026e+00
-1.250303667783737138e+00
-8.455478325486183167e-01
2.727999329566955788e-01
-2.324050925672054291e-01
-4.876803077757358440e-01
-6.219691172242164390e-01
-6.519384294748306052e-01
-7.093570053577422652e-01
-6.234009169042110665e-01
-7.048121139407157454e-01
-7.710743561387062295e-01
-8.322770476341248003e-01
-7.700115457177162392e-01
-8.323677584528923479e-01
-7.549483731389046159e-01
-6.202417489141225371e-01
-1.108302131295204163e+00
-1.272296690940856845e+00
2.429041475057601929e+00
8.766811800003051047e+00
8.719233083724976296e+00
8.643766975402831676e+00
8.434694766998291016e+00
1.689889216423034668e+01
1.850059175491333008e+01
1.850093307495117045e+01
1.850137119293212962e+01
1.850163240432739187e+01
1.850159454345703125e+01
1.850162410736083984e+01
1.850158510208130025e+01
1.850185356140136861e+01
1.849111156463623118e+01
1.850256032943725515e+01
1.850241508483886577e+01
1.850233249664306712e+01
1.850218877792358541e+01
1.850199155807495188e+01
1.850184574127197124e+01
1.850180683135986470e+01
1.850172042846679688e+01
1.850194816589355540e+01
1.849084606170654155e+01
1.850144758224487163e+01
1.848963212966918945e+01
1.850072011947631978e+01
1.850099716186523580e+01
1.848994045257568430e+01
1.850140705108642436e+01
1.850066671371460103e+01
1.850004110336303853e+01
1.850017881393432617e+01
1.850032758712768555e+01
1.850023517608642720e+01
1.850029659271240234e+01
1.850060377120971822e+01
1.850088472366332937e+01
1.850096492767334055e+01
1.850116949081420969e+01
1.850122137069702077e+01
1.850126190185546804e+01
1.850130844116210938e+01
1.850131492614746165e+01
1.850142440795898580e+01
1.850161256790160991e+01
1.850187463760375906e+01
1.850198535919189524e+01
1.850164146423339773e+01
1.850133323669433594e+01
1.850133142471313619e+01
1.850113077163696218e+01
1.850120925903320312e+01
1.850134582519531179e+01
1.850138635635375906e+01
1.850154933929443501e+01
1.850174303054809499e+01
1.850181760787963725e+01
1.850198945999145650e+01
1.850209217071533274e+01
1.850034742355346751e+01
1.849943761825561594e+01
1.849910240173339915e+01
1.849876317977905416e+01
1.849875278472900320e+01
1.849882049560546804e+01
1.849925117492675852e+01
1.849947528839111399e+01
1.849888086318969727e+01
1.849857711791992188e+01
1.849856014251708913e+01
1.849873342514037944e+01
1.849899072647094656e+01
1.849925479888916158e+01
1.849944591522216797e+01
1.849974174499511648e+01
1.849992828369140696e+01
1.848884115219116353e+01
1.848897714614868093e+01
1.850041799545288157e+01
1.848960103988647319e+01
1.848985595703124929e+01
1.850121612548828054e+01
1.850122423171996999e+01
1.850104694366455149e+01
1.850114870071411133e+01
1.850122241973877024e+01
1.850116138458252024e+01
1.850128765106201101e+01
1.850138998031616211e+01
1.850147562026977610e+01
1.850148868560791016e+01
1.850144290924072266e+01
1.850154972076416016e+01
1.850169649124145366e+01
1.850169677734374929e+01
1.850108604431152415e+01
1.850079784393310689e+01
1.850049228668212820e+01
1.850063428878784322e+01
1.849986009597778391e+01
1.848792772293090891e+01
1.849894990921020366e+01
1.849873304367065430e+01
1.849885892868041992e+01
1.849911470413207937e+01
1.849938678741455078e+01
1.849988069534301616e+01
1.850035514831542827e+01
1.850058059692382884e+01
1.850039682388305806e+01
1.849982023239135742e+01
1.849915533065795969e+01
1.849924287796020650e+01
1.849940423965454173e+01
1.849955329895019673e+01
1.849906158447265625e+01
1.849859972000121999e+01
1.849879903793334890e+01
1.849903364181518484e+01
1.849938793182372976e+01
1.849955167770385600e+01
1.849982633590698100e+01
1.850002508163452219e+01
1.850014648437500142e+01
1.850048389434814311e+01
1.850076541900634908e+01
1.850115118026733541e+01
1.850153827667236328e+01
1.849055690765380788e+01
1.850182828903198384e+01
1.850181350708007955e+01
1.850182828903198384e+01
1.850176477432250977e+01
1.850167570114135884e+01
1.850144548416137624e+01
1.850126810073852468e+01
1.850117731094360352e+01
1.850104007720947408e+01
1.850105619430541992e+01
1.850110120773315359e+01
1.850109357833862234e+01
1.850117025375366353e+01
1.850121545791625977e+01
1.850142173767089915e+01
1.850177106857299947e+01
1.850195112228393413e+01
1.850203809738159322e+01
1.850196228027343892e+01
1.850188894271850515e+01
1.850197134017944478e+01
1.850217218399047781e+01
1.850231018066406108e+01
1.850212907791137695e+01
1.850201253890991282e+01
1.850199031829833984e+01
1.850189018249511719e+01
1.850147895812988352e+01
1.850114431381225444e+01
1.850097150802612234e+01
1.850109024047851491e+01
1.850133085250854492e+01
1.850160408020019531e+01
1.850190000534057688e+01
1.850151176452636648e+01
1.850055789947509766e+01
1.850040588378906392e+01
1.850050001144409251e+01
1.850070753097534038e+01
1.850099983215331889e+01
1.850122270584106587e+01
1.850128488540649485e+01
1.850153551101684712e+01
1.849047765731811666e+01
1.850186834335327291e+01
1.850174188613891602e+01
1.850151300430297852e+01
1.850154743194580220e+01
1.850168399810791087e+01
1.850191593170166016e+01
1.850133132934570312e+01
1.850079593658447408e+01
1.850072917938232564e+01
1.850091009140014719e+01
1.850101032257079936e+01
1.850101957321167134e+01
1.850121841430664205e+01
1.850128087997436666e+01
1.850150470733642649e+01
1.850172414779662944e+01
1.850174827575683523e+01
1.850173482894897603e+01
1.850181703567504954e+01
1.850185613632202219e+01
1.850205926895141673e+01
1.850206308364868235e+01
1.850238513946533203e+01
1.850249700546264719e+01
1.850233592987060405e+01
1.850221261978149556e+01
1.850184001922607280e+01
1.850164937973022461e+01
1.850162897109985494e+01
1.850181980133056570e+01
1.850209350585937429e+01
1.850227689743041992e+01
1.850241565704345703e+01
1.850250787734985281e+01
1.850254507064819265e+01
1.850265617370605398e+01
1.850274705886840820e+01
1.850286293029785156e+01
1.850299959182739329e+01
1.850308656692504883e+01
1.849182596206664897e+01
1.850311079025268413e+01
1.850321731567382955e+01
1.850321111679077291e+01
1.850323638916015767e+01
1.850318622589111328e+01
1.850214910507202148e+01
1.850131101608276296e+01
1.850123291015625071e+01
1.850125942230224751e+01
1.850138216018676829e+01
1.850145111083984517e+01
1.850131826400756907e+01
1.850139703750610209e+01
1.850156745910644673e+01
1.850171451568603587e+01
1.850179128646850657e+01
1.850152797698974538e+01
1.850076503753662038e+01
1.850055437088012766e+01
1.850060663223266744e+01
1.850071067810058523e+01
1.850047931671142720e+01
1.850010271072387624e+01
1.849997062683105398e+01
1.849965524673461914e+01
1.849936094284057475e+01
1.849922447204589915e+01
1.849920043945312642e+01
1.849934349060058736e+01
1.849947919845580913e+01
1.849978961944579936e+01
1.850020036697387837e+01
1.850051870346069194e+01
1.850101947784423828e+01
1.850129394531250071e+01
1.850140686035156179e+01
1.850143585205078267e+01
1.850141267776489329e+01
1.850143985748291087e+01
1.850151214599609517e+01
1.850172271728515483e+01
1.850194082260131978e+01
1.850200757980346822e+01
1.850199699401855469e+01
1.850200605392456055e+01
1.850208616256713867e+01
1.850214910507202148e+01
1.850226144790649485e+01
1.850239400863647532e+01
1.850253305435180806e+01
1.850271062850952219e+01
1.850299072265625000e+01
1.849208211898803711e+01
1.850340166091918803e+01
1.850354089736938334e+01
1.850260505676269673e+01
1.850100717544555806e+01
1.850057792663574219e+01
1.850040788650512624e+01
1.848919057846069336e+01
1.850045099258422709e+01
1.850055236816406179e+01
1.850073757171630717e+01
1.850082311630249166e+01
1.848961153030395366e+01
1.850084085464477468e+01
1.850102577209472798e+01
1.850099267959594584e+01
1.850104475021362305e+01
1.850105781555175710e+01
1.850014591217041016e+01
1.849974126815795827e+01
1.848866624832153249e+01
1.850013008117675639e+01
1.850024080276489258e+01
1.849996843338012553e+01
1.850006303787231587e+01
1.850023593902587749e+01
1.850034704208373881e+01
1.850052318572998189e+01
1.848961343765258647e+01
1.850091047286987234e+01
1.850102453231811594e+01
1.850112695693969656e+01
1.850131416320800781e+01
1.850166578292846609e+01
1.850178089141845561e+01
1.850134668350219869e+01
1.850025615692138814e+01
1.849955749511718750e+01
1.849927444458007741e+01
1.849914073944091797e+01
1.849897222518920969e+01
1.849898090362548686e+01
1.849914331436157156e+01
1.849912090301513601e+01
1.849905805587768626e+01
1.849902095794677592e+01
1.849906702041625906e+01
1.849927597045898509e+01
1.849951601028442383e+01
1.849864330291747905e+01
1.849829473495483256e+01
1.849824886322021555e+01
1.849841203689575053e+01
1.849862794876098704e+01
1.849892272949218608e+01
1.849900112152099751e+01
1.849897546768188406e+01
1.849915609359741353e+01
1.849926853179931641e+01
1.849924592971801829e+01
1.849933567047118999e+01
1.849949617385864187e+01
1.849980745315551900e+01
1.850009422302246165e+01
1.850023736953735209e+01
1.849994955062866353e+01
1.849967145919799805e+01
1.849967269897461009e+01
1.849983568191528249e+01
1.849996309280395579e+01
1.850015382766723704e+01
1.850040206909179830e+01
1.850066308975219798e+01
1.850089406967163086e+01
1.850112810134887553e+01
1.850105352401733327e+01
1.850053472518920827e+01
1.850035429000854492e+01
1.850044631958007812e+01
1.850050830841064453e+01
1.850049905776977610e+01
1.850058317184448242e+01
1.850059814453124929e+01
1.850037670135498047e+01
1.850021448135375834e+01
1.850044565200805735e+01
1.850070848464965678e+01
1.850077896118164134e+01
1.850080404281616353e+01
1.850085344314575053e+01
1.850098648071288920e+01
1.850126495361327983e+01
1.850138311386108469e+01
1.850149354934692525e+01
1.850166358947753764e+01
1.850175361633300852e+01
1.850182304382324361e+01
1.850183382034301616e+01
1.850186634063720703e+01
1.850191802978515554e+01
1.850199909210205007e+01
1.850050563812255788e+01
1.849911804199218679e+01
1.849889678955078054e+01
1.849879560470581197e+01
1.849871816635131694e+01
1.849882059097290110e+01
1.849889011383056570e+01
1.849906806945800852e+01
1.849825439453125142e+01
1.849746789932250834e+01
1.849719905853271484e+01
1.849734792709350728e+01
1.849748620986938619e+01
1.849769668579101634e+01
1.849804925918579102e+01
1.849824056625366353e+01
1.849834146499633647e+01
1.849864206314087056e+01
1.849900541305542134e+01
1.849927482604980611e+01
1.849842233657836843e+01
1.849821863174438619e+01
1.849859771728515767e+01
1.848768634796142507e+01
1.849914522171020437e+01
1.849924077987670756e+01
1.849922885894775249e+01
1.849935245513916016e+01
1.849959278106689453e+01
1.849985065460204936e+01
1.850008382797241069e+01
1.850018062591552592e+01
1.850033922195434499e+01
1.850040578842163086e+01
1.850052270889282369e+01
1.850057611465454244e+01
1.848931550979614258e+01
1.850062894821166992e+01
1.850067195892334126e+01
1.850038824081421041e+01
1.850039558410644602e+01
1.850048646926880025e+01
1.850059127807617188e+01
1.850073280334472514e+01
1.850074930191039968e+01
1.850087289810180735e+01
1.850098743438720561e+01
1.850106086730956889e+01
1.850115718841552592e+01
1.850136404037475657e+01
1.850153722763061381e+01
1.850151872634887695e+01
1.849027233123779368e+01
1.850133743286132670e+01
1.850098991394042969e+01
1.850091314315795898e+01
1.850090150833129954e+01
1.850099115371704173e+01
1.850105581283569478e+01
1.850109157562256001e+01
1.850089721679687571e+01
1.850053958892822337e+01
1.850043621063232280e+01
1.850056505203247070e+01
1.850065565109252930e+01
1.850085725784301616e+01
1.850102434158325337e+01
1.850051946640014577e+01
1.849953689575195170e+01
1.849920349121093821e+01
1.849914474487304616e+01
1.849914178848266744e+01
1.849912080764770650e+01
1.848796739578246928e+01
1.849927902221679688e+01
1.849910001754760813e+01
1.849909286499023509e+01
1.849914188385009695e+01
1.849922838211059428e+01
1.849938745498657156e+01
1.849946498870849609e+01
1.849951438903808665e+01
1.849959125518798686e+01
1.849961547851562571e+01
1.849972944259643626e+01
1.849989166259765483e+01
1.850019445419311381e+01
1.850027341842651296e+01
1.850041103363037109e+01
1.850041666030883647e+01
1.850034284591674805e+01
1.850018110275268413e+01
1.850015468597412038e+01
1.850021667480468679e+01
1.850034055709839009e+01
1.850052061080932475e+01
1.850048999786377024e+01
1.850042619705200053e+01
1.849995021820068430e+01
1.849890880584716868e+01
1.849845399856567241e+01
1.849832239151000834e+01
1.849822340011596822e+01
1.849830036163330149e+01
1.849854764938354634e+01
1.849871501922607564e+01
1.849872684478759766e+01
1.849880123138427734e+01
1.849902896881103587e+01
1.849921016693115305e+01
1.849927816390991353e+01
1.849952707290649556e+01
1.849974069595337056e+01
1.849981040954589773e+01
1.849987773895263743e+01
1.850003004074096680e+01
1.850001535415649556e+01
1.849879379272460866e+01
1.849784116744995188e+01
1.849760227203369212e+01
1.849739179611206197e+01
1.849738063812255717e+01
1.849744462966918945e+01
1.849772682189941264e+01
1.849784927368164134e+01
1.849772005081176829e+01
1.849786853790283203e+01
1.849810218811035156e+01
1.849837903976440501e+01
1.849860458374023509e+01
1.849864835739135671e+01
1.849871606826782156e+01
1.849890127182006694e+01
1.849877071380615234e+01
1.849866361618041921e+01
1.849872589111328125e+01
1.849878702163696431e+01
1.849893817901611470e+01
1.849915046691894460e+01
1.849936752319336009e+01
1.849946403503417969e+01
1.849948492050170756e+01
1.849840688705444336e+01
1.849737253189086772e+01
1.849721527099609375e+01
1.849714927673339915e+01
1.849703350067138530e+01
1.849696245193481303e+01
1.849716444015502859e+01
1.849735040664672781e+01
1.849751424789428711e+01
1.849752292633056783e+01
1.849761333465576030e+01
1.849775304794311381e+01
1.848675212860107564e+01
1.849810619354247976e+01
1.849810104370117259e+01
1.849821109771728445e+01
1.849836235046386790e+01
1.849842271804809712e+01
1.849826908111572266e+01
1.849827737808227468e+01
1.849841547012329102e+01
1.849850120544433452e+01
1.849871835708618306e+01
1.849905652999877859e+01
1.849912214279174805e+01
1.848767871856689382e+01
1.849872913360595561e+01
1.849873065948486328e+01
1.849875144958496165e+01
1.849780883789062358e+01
1.849710741043090678e+01
1.849688072204589773e+01
1.849671545028686381e+01
1.849674739837646342e+01
1.849682826995849538e+01
1.849697818756103374e+01
1.849716196060180806e+01
1.849739255905151225e+01
1.849757614135742045e+01
1.849741477966308523e+01
1.849717369079589702e+01
1.849704542160034038e+01
1.849708108901977610e+01
1.849726829528808736e+01
1.849719715118408203e+01
1.849709634780883860e+01
1.849711761474609517e+01
1.849717283248901367e+01
1.849720344543457173e+01
1.849725494384765767e+01
1.849724626541137695e+01
1.849715566635131836e+01
1.849704246520996165e+01
1.849689321517944407e+01
1.849688282012939311e+01
1.849679145812988423e+01
1.849673748016357422e+01
1.849677505493163920e+01
1.849682464599609233e+01
1.849700136184692312e+01
1.849721202850341939e+01
1.849732847213745046e+01
1.849744338989257741e+01
1.849746828079223704e+01
1.849775972366332866e+01
1.849799566268920969e+01
1.849709968566894602e+01
1.849651041030883647e+01
1.849625463485717702e+01
1.849616470336913920e+01
1.849610509872436381e+01
1.849612445831298757e+01
1.849614715576171875e+01
1.849614086151122905e+01
1.849604787826537944e+01
1.849594478607177805e+01
1.849580316543579173e+01
1.849573593139648509e+01
1.849569377899170064e+01
1.849575395584106374e+01
1.849584693908691335e+01
1.849579677581787251e+01
1.849590425491333079e+01
1.849597702026367330e+01
1.849605140686035298e+01
1.849612932205200266e+01
1.849624261856079244e+01
1.849642286300659322e+01
1.849654359817504812e+01
1.849658527374267436e+01
1.849656772613525391e+01
1.849660215377807759e+01
1.849663295745849467e+01
1.849666728973388530e+01
1.849668083190918111e+01
1.849679365158080913e+01
1.849688682556152486e+01
1.849687395095825337e+01
1.849680547714233469e+01
1.849668960571289134e+01
1.849669942855835103e+01
1.849675264358520366e+01
1.849684534072876119e+01
1.849689588546753072e+01
1.849689559936523509e+01
1.849705820083618235e+01
1.849718751907348491e+01
1.849686899185180522e+01
1.849655199050903320e+01
1.849649133682250834e+01
1.849633255004882670e+01
1.849623889923095632e+01
1.849623250961303711e+01
1.849624109268188477e+01
1.849623365402221609e+01
1.849623737335205220e+01
1.849633893966674947e+01
1.849630851745605398e+01
1.849623241424560405e+01
1.849620122909545827e+01
1.849617938995361399e+01
1.849612789154052805e+01
1.849613380432128906e+01
1.849609413146972514e+01
1.849605541229248118e+01
1.849602870941162180e+01
1.849615936279296946e+01
1.849627656936645437e+01
1.849631099700927805e+01
1.849639482498168874e+01
1.849604520797729634e+01
1.849534358978271342e+01
1.849514322280883860e+01
1.849514293670654297e+01
1.849523801803588796e+01
1.849547901153564311e+01
1.849571895599365234e+01
1.849552259445190572e+01
1.849555063247680664e+01
1.849566583633422923e+01
1.849573907852172994e+01
1.849576005935669087e+01
1.849583311080932546e+01
1.849574346542358327e+01
1.849577074050903391e+01
1.849563827514648295e+01
1.849567003250121999e+01
1.849572992324829102e+01
1.849570693969726420e+01
1.849566488265991282e+01
1.849562473297119070e+01
1.849564504623413086e+01
1.849557542800903320e+01
1.849552049636840678e+01
1.849543991088867045e+01
1.849541082382202006e+01
1.849538068771362376e+01
1.849524745941162251e+01
1.849508142471313477e+01
1.849506626129150533e+01
1.849502296447753835e+01
1.849495248794555735e+01
1.849499130249023438e+01
1.849504184722900391e+01
1.849492082595825337e+01
1.849496068954467631e+01
1.849504032135009624e+01
1.849516868591308594e+01
1.849523000717163157e+01
1.849524927139282227e+01
1.849530820846557688e+01
1.849529638290405131e+01
1.849527502059936523e+01
1.849521770477294780e+01
1.849518136978149485e+01
1.849517345428466797e+01
1.849519996643066477e+01
1.849525566101074148e+01
1.849523696899414205e+01
1.849521713256836009e+01
1.849511289596557617e+01
1.849515647888183523e+01
1.849513864517211914e+01
1.849518775939941406e+01
1.849530868530273509e+01
1.849533548355102397e+01
1.849527368545532369e+01
1.849525432586669993e+01
1.849531106948852610e+01
1.849528722763061594e+01
1.849531116485595561e+01
1.849529838562011719e+01
1.849528045654296804e+01
1.849522399902343750e+01
1.849527006149292063e+01
1.849535980224609233e+01
1.849542427062988281e+01
1.849552888870239187e+01
1.849554128646850515e+01
1.849559526443481516e+01
1.849569997787475728e+01
1.849575414657592631e+01
1.849571475982666158e+01
1.849579677581787251e+01
1.849585533142089844e+01
1.849592390060424663e+01
1.849593601226806783e+01
1.849597883224487305e+01
1.849610624313354634e+01
1.849622659683227610e+01
1.849633798599243306e+01
1.849633340835571360e+01
1.849638442993164134e+01
1.849643964767455984e+01
1.849639730453491282e+01
1.849642534255981374e+01
1.849639968872070384e+01
1.849590415954589773e+01
1.849573440551757741e+01
1.849573898315429688e+01
1.849588432312011577e+01
1.849593563079833913e+01
1.849589910507202006e+01
1.849585142135619975e+01
1.849585714340209819e+01
1.849588041305542063e+01
1.849583053588867188e+01
1.849575386047363423e+01
1.849587669372558452e+01
1.849599475860595632e+01
1.849602937698364258e+01
1.849608936309814311e+01
1.849616765975952148e+01
1.849547653198242259e+01
1.849480333328246928e+01
1.849460382461547781e+01
1.849448919296264648e+01
1.849467754364013672e+01
1.849463577270507741e+01
1.849483270645141531e+01
1.849508666992187500e+01
1.849544963836670064e+01
1.849569072723388530e+01
1.849583673477172852e+01
1.849588155746459961e+01
1.849584255218506001e+01
1.849577674865722798e+01
1.849567651748657227e+01
1.849558591842651367e+01
1.849551420211792063e+01
1.849565048217773366e+01
1.849574909210205220e+01
1.849603576660156179e+01
1.849630765914917063e+01
1.849661054611205913e+01
1.849672327041626119e+01
1.849638738632202006e+01
1.849699869155883647e+01
1.849800910949706889e+01
1.849727249145507812e+01
1.849635810852050710e+01
1.849606513977050781e+01
1.849591846466064382e+01
1.849584436416625977e+01
1.849579410552978587e+01
1.849586505889892507e+01
1.849617443084716939e+01
1.849655122756957937e+01
1.849698162078857422e+01
1.849723739624023366e+01
1.849755449295043874e+01
1.849749345779418874e+01
1.849759197235107422e+01
1.849776544570922709e+01
1.849783706665039062e+01
1.849776792526245117e+01
1.849777183532714986e+01
1.849786653518676616e+01
1.849780864715576101e+01
1.849774780273437358e+01
1.849782009124755788e+01
1.849757213592529226e+01
1.849657440185546875e+01
1.849631624221801829e+01
1.849623193740844584e+01
1.849611949920654297e+01
1.849610185623168945e+01
1.849615879058837820e+01
1.849627847671508718e+01
1.849635009765625071e+01
1.849591817855834819e+01
1.849473886489868235e+01
1.849445743560790945e+01
1.849441137313842631e+01
1.849446544647216939e+01
1.849450674057006694e+01
1.849455766677856516e+01
1.849460010528564524e+01
1.849458131790161275e+01
1.849459609985351705e+01
1.849470415115356303e+01
1.849476604461669993e+01
1.849466342926025320e+01
1.849463520050048970e+01
1.849464397430419993e+01
1.849467515945434570e+01
1.849463100433349538e+01
1.849456501007080078e+01
1.849452276229858327e+01
1.849451732635498047e+01
1.849440727233886861e+01
1.849435615539550781e+01
1.849431142807006978e+01
1.849429845809936523e+01
1.849436616897583008e+01
1.849434146881103658e+01
1.849430456161498881e+01
1.849430179595947266e+01
1.849427213668823100e+01
1.849421777725219584e+01
1.849421243667602610e+01
1.849419269561767720e+01
1.849421443939208842e+01
1.849413986206054616e+01
1.849411182403564524e+01
1.849406356811523366e+01
1.849401302337646413e+01
1.849390077590942383e+01
1.849382705688476491e+01
1.849369134902953959e+01
1.849353637695312358e+01
1.849337797164917063e+01
1.849334306716918874e+01
1.849337472915649272e+01
1.849330091476440430e+01
1.849312162399291992e+01
1.849300622940063477e+01
1.849300022125244070e+01
1.849292068481445384e+01
1.849273834228515767e+01
1.849266672134399414e+01
1.849264240264892578e+01
1.849259319305419780e+01
1.849255895614624023e+01
1.849232378005981303e+01
1.849223175048827983e+01
1.849204368591308523e+01
1.849194393157959126e+01
1.849183740615844584e+01
1.849182977676391459e+01
1.849180097579955984e+01
1.849167003631591655e+01
1.849152393341064382e+01
1.849138088226318288e+01
1.849129648208618093e+01
1.849115114212036204e+01
1.849090681076049947e+01
1.849070205688476420e+01
1.849068279266357351e+01
1.849057626724243164e+01
1.849036636352538920e+01
1.849027061462402344e+01
1.849015274047851420e+01
1.849010248184204031e+01
1.849005260467529155e+01
1.848985986709594798e+01
1.848975524902343892e+01
1.848945045471191406e+01
1.848901205062866282e+01
1.848882417678833079e+01
1.848878955841064453e+01
1.848872537612914968e+01
1.848866596221923686e+01
1.848849411010742116e+01
1.848841543197631765e+01
1.848833980560302592e+01
1.848820133209228445e+01
1.848813333511352397e+01
1.848820362091064595e+01
1.848815746307372976e+01
1.848797836303710795e+01
1.848773574829101562e+01
1.848760271072387695e+01
1.848742113113403462e+01
1.848719596862792969e+01
1.848709611892700266e+01
1.848713121414184712e+01
1.848707246780395508e+01
1.848703413009643626e+01
1.848679981231689595e+01
1.848644151687621928e+01
1.848627338409423970e+01
1.848618326187133931e+01
1.848602838516235281e+01
1.847514553070068288e+01
1.848649730682372905e+01
1.848578147888183665e+01
1.848487491607665945e+01
1.848387174606323313e+01
1.848284187316894389e+01
1.848188858032226634e+01
1.848106470108032084e+01
1.848033332824707031e+01
1.847964315414428782e+01
1.847917337417602468e+01
1.847897529602050781e+01
1.847882165908813334e+01
1.847877349853515483e+01
1.847897138595580913e+01
1.847923917770385671e+01
1.847904682159423828e+01
1.847886075973510600e+01
1.847882642745971538e+01
1.847873764038086009e+01
1.847862071990966726e+01
1.847877168655395508e+01
1.847852258682251048e+01
1.847844133377075337e+01
1.847845497131347514e+01
1.847848262786865092e+01
1.847851600646972514e+01
1.847835474014282298e+01
1.847834529876708842e+01
1.847859048843383789e+01
1.847831573486327983e+01
1.847831125259399343e+01
1.847843093872070241e+01
1.847845659255981587e+01
1.847833909988403178e+01
1.847827024459838796e+01
1.847834262847900533e+01
1.847843465805053853e+01
1.847845468521118306e+01
1.847859935760498118e+01
1.847846012115478587e+01
1.847823553085327219e+01
1.847821092605590820e+01
1.847827396392822408e+01
1.847811698913574219e+01
1.847822284698486328e+01
1.847823200225830220e+01
1.847809362411499023e+01
1.847800683975219727e+01
1.847810049057006765e+01
1.847820501327514719e+01
1.847799339294433452e+01
1.847791891098022532e+01
1.847786855697631836e+01
1.847793378829955913e+01
1.847800970077514648e+01
1.847795677185058594e+01
1.847807130813598775e+01
1.847806291580200266e+01
1.847793464660644602e+01
1.847792568206786967e+01
1.847800121307373189e+01
1.847803096771240305e+01
1.847824697494506907e+01
1.847806377410888601e+01
1.847795906066894389e+01
1.847790880203246999e+01
1.847785520553588867e+01
1.847781372070312500e+01
1.847795591354370259e+01
1.847782783508300852e+01
1.847772378921508718e+01
1.847776803970337056e+01
1.847765951156616282e+01
1.847752780914306570e+01
1.847769622802734446e+01
1.847772846221923970e+01
1.847763204574584961e+01
1.847758636474609517e+01
1.847771892547607564e+01
1.847766456604004048e+01
1.847743806838989400e+01
1.847740736007690288e+01
1.847749176025390483e+01
1.847743110656738352e+01
1.847734575271606516e+01
1.847737874984741069e+01
1.847745103836059499e+01
1.847745847702026367e+01
1.847734031677246236e+01
1.847737731933593608e+01
1.847757034301757884e+01
1.847757368087768626e+01
1.847774610519409322e+01
1.847771959304809641e+01
1.847702579498291087e+01
1.847673254013061594e+01
1.847674531936645437e+01
1.847691907882690288e+01
1.847679834365844798e+01
1.847668724060058665e+01
1.847647504806518626e+01
1.847648916244506978e+01
1.847655515670776438e+01
1.847661695480346822e+01
1.847646284103393555e+01
1.847644281387329102e+01
1.847657623291015483e+01
1.847641944885253906e+01
1.847643690109253001e+01
1.847647695541381907e+01
1.847645568847656250e+01
