7.702227210998534801e+00
5.611618065834045765e+00
5.539659976959228516e+00
5.845493245124816717e+00
5.862800121307373047e+00
5.604890441894530895e+00
5.540641975402832209e+00
5.603754901885986683e+00
5.741967988014221369e+00
5.590740203857421875e+00
5.486884689331054332e+00
5.419629216194152832e+00
5.504682254791259943e+00
5.733471584320068537e+00
5.340366291999816717e+00
5.204578685760497869e+00
5.196229767799377619e+00
5.694542098045348943e+00
6.061746716499328613e+00
6.470187950134277166e+00
5.900830101966858088e+00
5.678709793090820135e+00
5.673319578170776367e+00
5.634614968299866078e+00
5.575091934204101207e+00
5.615635466575622736e+00
5.555948734283447266e+00
5.536481642723083851e+00
5.538885331153869274e+00
5.545825433731079279e+00
5.557350683212280096e+00
5.532757616043090465e+00
5.525686001777648571e+00
5.484198641777038752e+00
5.393569827079772949e+00
5.293639993667602184e+00
5.486173987388610840e+00
5.338544321060180842e+00
5.260161828994751154e+00
5.246384620666503906e+00
5.269677186012268422e+00
5.227296853065491078e+00
5.269801807403564631e+00
5.224455356597900391e+00
5.144938373565674183e+00
5.136835312843322399e+00
5.162256860733032582e+00
5.168249106407165172e+00
5.549914431571960627e+00
5.244589376449584783e+00
5.107952618598938344e+00
5.653818869590759633e+00
5.414726805686950861e+00
4.872264719009399059e+00
4.372175455093383789e+00
4.406661748886108398e+00
4.377299141883850275e+00
4.247328281402587891e+00
4.234851408004760565e+00
4.394549250602722168e+00
4.307135939598083496e+00
4.819484519958495916e+00
4.751482486724853516e+00
4.542574739456176403e+00
4.786791038513183771e+00
4.621841454505920765e+00
4.503471493721008301e+00
4.517905068397522150e+00
4.473735618591308416e+00
4.479351377487182262e+00
4.525106143951416193e+00
4.522809457778930842e+00
4.686389350891113637e+00
4.542103624343871715e+00
4.486589121818542303e+00
4.237482619285583674e+00
4.088638198375702082e+00
4.001514923572540461e+00
4.140543973445891979e+00
4.007503271102905273e+00
3.964701735973358065e+00
3.965619945526122958e+00
4.249666702747345148e+00
4.239785885810851696e+00
4.001166498661040904e+00
4.004773056507110240e+00
4.024431979656219127e+00
4.145455396175384166e+00
4.199931442737579346e+00
4.550303578376770020e+00
4.522957754135132014e+00
4.388978481292724609e+00
4.145018529891967951e+00
4.417666280269623158e+00
4.619381737709045588e+00
4.573549914360046209e+00
1.692145886421203471e+01
1.362781729698181188e+01
1.364914355278015101e+01
1.343112788200378382e+01
1.339925475120544363e+01
1.346616425514221227e+01
1.343028984069824183e+01
1.349053540229797399e+01
1.324543299674987828e+01
1.314188323020935023e+01
1.080030119419097900e+01
4.261438035964966176e+00
4.011863803863525035e+00
3.846172952651977450e+00
4.474978899955749156e+00
4.208865678310393932e+00
4.014184033870696666e+00
4.161414813995361506e+00
4.262857484817504705e+00
4.112285053730010631e+00
3.964765703678131192e+00
3.974685275554656894e+00
3.979389262199402033e+00
4.011613988876343129e+00
3.964961993694305242e+00
3.884525537490844727e+00
3.863629496097564786e+00
3.931067156791686834e+00
3.893828105926513850e+00
3.885889077186584384e+00
3.933517229557037531e+00
3.958384478092193515e+00
3.970216000080108554e+00
3.996620404720306219e+00
3.965715527534484863e+00
3.882582211494445712e+00
4.081940495967865346e+00
4.321398770809173229e+00
4.127233171463013051e+00
4.050846946239471613e+00
3.960470592975616544e+00
4.191024041175841930e+00
4.467894530296325328e+00
4.339932703971863148e+00
4.073695707321166815e+00
3.965978467464446933e+00
3.985950028896331876e+00
3.930657577514648615e+00
3.953917288780212314e+00
4.183219003677367986e+00
5.290146112442016602e+00
4.669728922843932928e+00
4.521077299118042347e+00
4.404765415191650213e+00
4.337215352058410467e+00
4.297670221328734996e+00
4.294267082214355824e+00
4.248478412628173828e+00
4.187386918067931951e+00
4.176086258888244807e+00
4.168216097354888738e+00
4.210790395736694336e+00
4.279203534126281738e+00
4.107149374485016047e+00
4.116396248340606689e+00
4.262574994564056752e+00
4.215787661075592219e+00
4.062381803989410400e+00
4.102455973625183105e+00
4.212061023712157848e+00
4.129362070560455678e+00
4.154696238040924250e+00
4.127454078197478893e+00
4.207138013839721857e+00
4.248588192462920965e+00
3.917600286006927668e+00
3.722498857975006015e+00
3.593877506256103693e+00
4.154706895351409912e+00
4.204857826232910156e+00
3.989776265621185480e+00
3.940832710266113370e+00
3.824807953834533869e+00
3.568490183353424161e+00
3.805997526645660489e+00
4.058685386180878041e+00
3.928027880191803156e+00
3.731223678588867276e+00
3.676342380046844660e+00
3.620378541946410955e+00
3.835581970214843928e+00
3.998761796951293856e+00
4.000680637359619318e+00
3.841272890567779541e+00
3.734611511230468750e+00
4.082152354717254461e+00
4.021585118770599543e+00
3.894451165199279696e+00
3.808218407630920233e+00
3.818764185905456632e+00
3.779389977455139160e+00
4.103450345993041815e+00
4.224285244941711426e+00
4.175708007812500178e+00
3.965259432792663574e+00
3.808391523361206232e+00
3.793736481666564853e+00
3.685798180103302180e+00
5.007914113998412908e+00
4.322806239128112793e+00
4.145578610897064031e+00
3.973047471046447843e+00
3.912872767448425382e+00
3.970818054676056086e+00
3.631296265125274481e+00
7.177494108676910400e+00
1.278886346817016673e+01
1.287670917510986257e+01
1.275607023239135707e+01
1.271120514869689977e+01
1.261536154747009242e+01
1.265983519554138148e+01
1.264123444557190012e+01
1.302264437675476039e+01
1.305736789703369105e+01
1.292828965187072754e+01
1.284616279602050781e+01
1.275684180259704625e+01
1.304308443069458079e+01
1.303799023628234899e+01
1.294666638374328649e+01
1.298671679496765208e+01
1.292006196975708043e+01
1.320407714843750036e+01
1.316566910743713414e+01
1.295140848159790004e+01
1.342669057846069336e+01
1.330672245025634837e+01
1.321003165245056188e+01
1.308076858520507812e+01
1.327890496253967356e+01
1.325519471168518137e+01
1.305402817726135289e+01
1.280229306221008301e+01
1.283681755065918040e+01
1.292555136680602956e+01
1.276916980743408203e+01
3.858840143680572599e+00
3.962008321285247714e+00
3.507627367973327637e+00
3.747472584247589111e+00
3.520165741443634033e+00
3.454421842098235995e+00
3.020174658298492520e+00
2.884132242202758878e+00
3.794678425788879483e+00
4.956971144676208141e+00
3.765514230728149503e+00
3.641473996639251531e+00
3.504867351055145352e+00
3.462393629550933660e+00
3.403604876995086848e+00
3.388904988765716553e+00
3.435661423206329168e+00
3.221979749202728449e+00
3.335966038703918279e+00
3.307722842693328946e+00
3.527241766452789307e+00
3.750515902042388827e+00
3.633207380771636963e+00
3.260862374305725009e+00
3.755457055568695246e+00
3.575397610664367676e+00
3.411264431476593195e+00
4.161787545680999401e+00
3.841227674484252841e+00
3.915120589733123602e+00
3.670064568519592285e+00
3.612320208549499423e+00
4.094146847724914551e+00
3.800776576995849698e+00
3.567041838169097812e+00
6.823222935199737549e+00
5.333353996276855469e+00
4.556343889236449840e+00
4.155903899669647572e+00
3.807268202304840088e+00
3.514556300640106379e+00
3.419484174251556485e+00
4.659304201602935791e+00
4.386941862106323420e+00
3.886221373081207187e+00
4.323379993438720703e+00
4.211280393600463690e+00
4.125578570365905584e+00
4.232570552825928090e+00
4.002286219596863148e+00
3.647285544872283847e+00
3.664887964725494385e+00
3.601580107212066562e+00
3.349552893638610751e+00
3.413417553901672452e+00
4.314160466194152832e+00
4.137110233306884766e+00
3.979754304885864347e+00
3.811680829524993985e+00
3.571473073959350764e+00
3.273283302783966064e+00
3.359090173244476230e+00
4.222219693660735906e+00
5.838455772399901988e+00
4.825138711929321644e+00
4.242516183853149769e+00
4.148752760887146174e+00
4.077197134494781494e+00
4.023701500892639338e+00
3.966072142124176025e+00
3.879861712455749512e+00
3.810526800155639826e+00
3.741863536834716619e+00
3.723480224609375000e+00
3.664141893386840820e+00
3.636078703403472723e+00
3.573132836818694980e+00
3.609404182434082120e+00
3.912788856029510320e+00
3.668177521228790372e+00
3.674908459186553955e+00
3.633570420742034734e+00
3.658429384231567383e+00
4.956088328361511586e+00
4.564523696899414062e+00
4.374227118492126642e+00
4.270047569274902699e+00
4.173493337631225764e+00
4.083337974548340021e+00
3.992399191856384366e+00
3.889820694923400879e+00
3.837393236160278498e+00
3.641678321361541570e+00
3.802880263328552335e+00
3.814021813869476141e+00
3.717676723003387362e+00
3.608854532241821289e+00
4.694580817222595570e+00
4.467377424240112305e+00
4.365811204910277965e+00
4.291576886177063344e+00
4.226479959487915217e+00
4.181915211677551092e+00
4.115595090389251531e+00
3.964924657344818026e+00
3.912989592552185147e+00
3.983319878578186035e+00
3.904982316493987859e+00
3.841601967811584473e+00
5.279676401615143178e+00
4.503576397895812988e+00
4.358161258697509588e+00
4.249429655075073420e+00
4.090505623817444203e+00
3.908989000320434393e+00
3.793868064880371094e+00
3.702694058418273926e+00
3.659494781494140536e+00
4.328863000869750621e+00
4.294776463508606312e+00
4.196852409839630482e+00
4.054889607429504217e+00
3.915484344959259122e+00
3.718079972267150701e+00
3.751358044147491633e+00
4.300317394733428777e+00
3.867618763446807773e+00
6.509804832935333074e+00
2.216554841995239400e+01
4.164138042926788685e+00
3.798071670532226385e+00
3.813872885704040705e+00
3.659467947483062922e+00
3.790618824958801092e+00
3.511730206012726008e+00
4.623071908950805664e+00
4.704970693588256481e+00
4.534130215644836426e+00
4.246598911285400568e+00
3.967729771137237460e+00
4.381479978561401367e+00
4.343144798278808949e+00
4.159250724315643133e+00
3.877218329906463534e+00
3.682411170005798429e+00
4.031125640869140270e+00
4.125760018825531006e+00
3.861830484867096125e+00
4.168797576427460072e+00
4.388488590717315674e+00
4.572490477561951039e+00
4.380683088302612660e+00
4.279849410057067871e+00
4.139908063411712469e+00
3.978674578666686834e+00
3.822094798088073730e+00
4.997030186653137029e+00
1.305426340103149485e+01
1.304947576522827113e+01
1.284408183097839284e+01
1.321758999824523961e+01
1.322953190803527868e+01
1.318504056930541957e+01
7.277994704246521174e+00
4.735995459556579412e+00
4.562910318374633789e+00
4.468533492088317516e+00
4.396622347831725897e+00
4.328013396263122203e+00
4.226695895195007324e+00
4.113102233409881237e+00
4.282673895359039307e+00
4.143718409538268865e+00
3.882525980472564697e+00
4.632500338554382147e+00
1.395471811294555664e+01
1.386313929557800328e+01
1.372599654197692942e+01
1.359586501121520996e+01
7.199144744873047230e+00
4.474557256698608043e+00
4.305106043815612793e+00
3.987034380435943604e+00
3.846240758895874023e+00
3.741191446781158447e+00
3.599182355403899969e+00
3.984056854248046786e+00
3.767644822597503662e+00
6.278618168830871760e+00
6.723165130615234020e+00
4.783785581588745117e+00
4.729899287223815918e+00
4.655644965171814142e+00
4.584789133071899059e+00
4.520271515846252086e+00
4.398730111122131525e+00
4.463291454315185369e+00
4.740832090377807617e+00
4.685641908645630238e+00
4.616914248466491344e+00
4.537205410003662287e+00
4.455043888092040660e+00
4.329812645912170410e+00
4.259960699081420721e+00
4.205634021759033558e+00
4.041043877601623535e+00
3.924067187309264959e+00
3.797951960563659579e+00
7.933011174201965332e+00
1.364213223457336355e+01
1.364312224388122630e+01
1.359099059104919505e+01
1.353023185729980504e+01
1.345843248367309641e+01
1.336950054168701207e+01
1.323925251960754323e+01
6.978670001029968262e+00
5.841697120666504262e+00
4.909063601493835804e+00
4.862704849243163707e+00
4.837242650985717596e+00
4.807711768150329412e+00
4.774544477462768555e+00
4.736889863014221547e+00
4.702000069618224920e+00
4.661556768417358221e+00
4.625095319747924982e+00
4.577547454833984730e+00
4.538785624504089178e+00
4.485471391677856801e+00
4.426356506347656428e+00
4.373965001106261852e+00
4.317162919044494451e+00
4.235999250411987660e+00
4.221534323692321955e+00
4.053593528270721613e+00
3.889368665218353449e+00
3.828051578998565851e+00
3.728593134880065829e+00
3.676847624778747381e+00
3.633082616329192938e+00
3.569245815277099609e+00
3.529599559307098566e+00
3.598504447937011630e+00
3.478089916706085027e+00
3.567902338504791437e+00
4.260360288619994940e+00
4.032015705108642933e+00
3.724481260776519864e+00
3.451210057735443204e+00
4.187957692146301092e+00
4.625269436836243031e+00
4.385643243789672852e+00
4.341039085388183949e+00
4.141384172439575018e+00
4.200131320953369496e+00
4.189685070514679310e+00
4.482006287574767711e+00
4.400669121742248890e+00
4.279927754402161000e+00
4.106833958625793812e+00
3.787515652179718195e+00
3.617753338813781916e+00
5.161728417873382213e+00
3.948762357234954834e+00
1.284532709121704031e+01
1.258750181198120188e+01
1.264093842506408727e+01
1.254352922439575124e+01
1.307876825332641602e+01
1.323624463081359792e+01
1.319768214225769043e+01
1.314362459182739329e+01
1.308423295021057164e+01
1.301252350807189906e+01
9.361263477802276967e+00
4.111623537540435969e+00
3.937976717948913574e+00
4.323289942741394221e+00
4.820071053504944025e+00
4.520959997177124379e+00
4.445855283737182972e+00
4.425824809074401678e+00
4.420403075218200861e+00
4.416201210021972301e+00
4.407979846000671387e+00
4.395426440238952459e+00
4.394669246673584162e+00
4.382222461700439275e+00
4.356923604011536000e+00
4.315115714073181508e+00
4.287336468696594238e+00
4.213753843307495472e+00
4.154907584190368652e+00
4.096087563037872137e+00
4.116799378395080922e+00
4.095469677448273060e+00
4.088126802444458363e+00
4.025120568275451838e+00
3.887557804584503174e+00
4.007424592971801758e+00
3.969019591808319092e+00
3.931765961647033514e+00
3.942184221744537531e+00
3.952152907848358154e+00
3.754804301261901678e+00
3.824128401279449641e+00
3.773338019847869873e+00
4.259070038795471191e+00
4.871869969367980779e+00
4.452074861526488903e+00
4.242961573600768865e+00
4.091090822219848988e+00
4.156451308727264760e+00
4.389908719062804998e+00
4.333960843086242853e+00
4.290411138534546254e+00
4.238208961486816584e+00
4.160562300682068226e+00
4.017841267585754217e+00
4.247568714618682684e+00
4.692924761772156117e+00
4.288976645469665172e+00
4.144760441780090510e+00
4.037561464309692205e+00
3.921633183956146240e+00
3.757485473155975253e+00
3.844677722454071134e+00
4.387339806556701305e+00
8.618829631805420277e+00
1.286568317413330043e+01
1.277342610359191966e+01
1.267231183052063059e+01
1.339778518676757812e+01
1.336632108688354492e+01
1.316475005149841238e+01
1.274155855178833008e+01
1.288283500671386683e+01
1.274463958740234304e+01
1.315574030876159739e+01
1.309294505119323659e+01
1.284940919876098597e+01
1.265596690177917516e+01
1.256173973083496165e+01
1.295351672172546387e+01
1.302761592864990270e+01
1.280525078773498571e+01
1.268384418487548793e+01
1.254834733009338343e+01
1.266806888580322266e+01
1.234759268760681117e+01
1.287654724121093786e+01
1.290485377311706472e+01
1.274718112945556570e+01
1.265942211151122976e+01
1.258155612945556712e+01
1.250997757911682129e+01
1.279363884925842321e+01
1.268262710571289098e+01
1.255386900901794434e+01
1.249693732261657786e+01
1.309980897903442454e+01
1.353416619300842250e+01
1.350560903549194336e+01
1.346700100898742747e+01
1.342313480377197266e+01
1.337709064483642507e+01
1.333148212432861257e+01
1.328225073814392054e+01
1.322494573593139577e+01
1.315205430984497070e+01
1.301691398620605433e+01
1.278633055686950648e+01
1.269399070739746094e+01
1.259623117446899343e+01
1.252029581069946218e+01
1.253212900161743093e+01
1.254998936653137243e+01
1.250862488746643031e+01
1.241870799064636266e+01
1.237773694992065465e+01
9.712033677101135964e+00
4.184797453880309881e+00
3.946027803421020330e+00
3.779204440116882502e+00
3.850565981864929377e+00
4.086639857292174938e+00
4.061938214302062811e+00
3.988208687305450528e+00
3.894650137424469083e+00
3.777148926258087069e+00
3.604114758968353094e+00
3.535312604904174982e+00
4.403924012184143422e+00
4.192626428604126154e+00
4.406306481361388805e+00
4.259200835227966664e+00
4.197561216354370295e+00
4.135587143898010076e+00
4.075592041015625000e+00
4.004789686203002574e+00
3.944720339775085627e+00
3.876211082935333341e+00
3.800961816310882480e+00
3.711788332462310880e+00
3.595904898643493830e+00
3.442719173431396662e+00
3.310911762714385809e+00
3.368173968791961848e+00
3.181001937389373868e+00
3.086403250694274902e+00
5.013894355297088268e+00
4.846098959445953369e+00
4.532746505737304865e+00
4.134367156028747381e+00
4.012643790245055797e+00
3.945743036270141779e+00
3.888652992248535334e+00
3.822207021713256658e+00
3.756094884872436701e+00
3.698028421401977628e+00
3.640372586250305353e+00
3.588031041622161688e+00
3.549173104763030828e+00
3.529089033603668213e+00
3.443847918510436923e+00
3.485095500946044922e+00
3.428832387924194425e+00
3.390006089210510165e+00
3.352123475074768155e+00
3.345853912830352606e+00
3.959516644477844238e+00
4.047753643989563166e+00
3.652864885330200373e+00
3.442044949531555265e+00
3.243306040763854980e+00
3.134102070331573398e+00
2.980828619003295987e+00
2.831510972976684748e+00
4.046809291839599254e+00
5.129166054725646795e+00
4.328136825561523793e+00
4.097128081321716131e+00
4.029334330558777211e+00
3.981592583656310858e+00
3.937443995475768954e+00
3.889930200576782404e+00
3.832769930362701416e+00
3.779367876052856623e+00
3.726319181919097723e+00
3.671681618690490811e+00
3.613846540451049805e+00
3.554087531566620051e+00
3.516514647006988348e+00
3.516908276081085027e+00
3.470550966262817560e+00
3.431707203388214111e+00
3.388769257068633856e+00
3.294413971900939764e+00
3.633220255374908447e+00
3.612093234062194735e+00
3.494208049774170100e+00
3.319108510017394931e+00
3.194452476501465021e+00
3.119945776462555109e+00
3.292616593837737859e+00
3.253857910633087158e+00
3.193991661071777344e+00
3.356912314891815186e+00
4.049615621566772461e+00
4.857440710067749023e+00
4.187236320972442805e+00
4.016651737689971746e+00
3.917199134826660156e+00
3.840257537364959894e+00
3.743234741687774481e+00
3.641471326351165771e+00
3.504908704757690341e+00
3.488743698596954435e+00
3.644762539863586337e+00
3.658079433441161932e+00
3.792466151714324774e+00
3.983081650733947932e+00
4.899298501014709650e+00
4.341775894165039062e+00
4.236619973182678578e+00
4.178300261497497559e+00
4.129692292213439586e+00
4.073513114452362416e+00
4.020711934566497447e+00
3.962949681282043279e+00
3.898180055618285955e+00
3.830964612960815252e+00
3.760276150703430353e+00
3.672656416893005371e+00
3.536378395557403742e+00
3.424316108226776123e+00
3.393151724338531405e+00
3.342715036869049250e+00
3.297694766521453769e+00
3.304924046993255704e+00
3.452154076099395841e+00
3.375103223323821844e+00
3.301052725315094083e+00
3.126759302616119562e+00
3.128786349296569735e+00
3.853304159641266047e+00
3.675718069076538086e+00
3.541368424892425537e+00
3.368568205833434970e+00
3.111671757698059260e+00
3.121469378471374512e+00
4.087232112884521484e+00
5.213228797912597301e+00
5.027561902999877930e+00
4.174226403236389160e+00
4.091635680198669078e+00
4.000592792034149525e+00
3.891582608222961426e+00
3.794925153255462646e+00
3.714680194854736328e+00
3.674874794483184992e+00
3.599870634078979670e+00
3.558005249500274747e+00
3.471916651725769132e+00
3.419989049434661865e+00
3.493795049190521418e+00
3.383903992176056086e+00
3.395817768573761164e+00
3.247331023216247559e+00
5.967279565334320246e+00
1.252079930305480993e+01
1.249339485168457031e+01
1.250786948204040527e+01
6.290819430351257679e+00
4.371258473396300914e+00
3.955085897445678622e+00
3.766560280323028476e+00
3.661107599735260010e+00
3.651578378677368342e+00
3.556248021125793635e+00
3.676538729667663485e+00
3.601572871208190918e+00
3.392104113101959140e+00
3.213221716880798162e+00
5.616374051570891979e+00
1.430944867134094167e+01
2.177425088882446147e+01
2.176789836883544993e+01
2.176502408981323100e+01
2.176436433792114400e+01
2.176203832626342916e+01
2.176120910644531392e+01
2.175707254409790181e+01
2.175565938949585032e+01
2.175770263671875071e+01
2.175967149734497141e+01
2.176122350692748952e+01
2.175354604721069407e+01
2.174571447372436594e+01
2.173986597061157156e+01
2.173689422607422017e+01
2.173061752319335938e+01
2.172468452453613352e+01
2.171871566772460938e+01
2.170952768325805593e+01
2.170649995803832866e+01
2.170385971069335795e+01
2.169147500991821431e+01
2.169039793014526296e+01
2.169101648330688548e+01
2.168915891647338867e+01
2.168565807342529439e+01
2.168345947265624929e+01
2.167974891662597514e+01
2.167679767608642649e+01
2.167198076248168803e+01
2.166917095184326314e+01
2.166816043853759766e+01
2.166418352127075053e+01
2.166165094375610423e+01
2.166260871887207173e+01
2.166092910766601420e+01
1.009254698753357005e+01
4.068584787845611395e+00
3.949155044555664240e+00
3.792985057830810636e+00
3.653521895408630371e+00
4.273071599006653010e+00
3.989718770980835050e+00
3.751903760433196844e+00
3.338599646091461093e+00
3.432924246788024991e+00
4.009290480613708851e+00
3.913969469070434748e+00
3.724989104270934881e+00
3.586611509323120117e+00
3.439550268650054754e+00
8.987651991844177957e+00
1.263212437629699636e+01
1.240097017288207937e+01
7.782318770885467529e+00
4.536428022384643377e+00
4.178136849403381703e+00
4.072261953353882191e+00
4.005954527854919789e+00
3.934805631637573242e+00
3.918406677246093928e+00
3.996230196952820002e+00
3.770057260990142822e+00
3.603375160694122226e+00
3.329801249504089178e+00
3.730970704555511386e+00
3.743737101554870605e+00
3.657624793052673517e+00
3.530240058898925781e+00
3.315694642066955744e+00
2.921850931644439875e+00
3.713636779785156161e+00
3.546197187900543391e+00
4.198638021945953369e+00
3.911007905006408603e+00
3.801055645942688077e+00
3.688763201236724854e+00
3.604998779296875178e+00
3.478742408752441229e+00
3.312977325916290461e+00
3.411680185794830233e+00
3.161396884918212802e+00
3.044681775569915594e+00
4.453596889972686768e+00
4.400906443595886230e+00
3.807830274105072021e+00
3.639004385471344083e+00
3.510245442390441895e+00
3.394686067104339511e+00
3.274239075183868586e+00
3.156412410736083807e+00
3.174080669879913330e+00
3.623427784442901700e+00
4.038180446624755504e+00
4.485447800159453990e+00
3.765369999408721746e+00
3.581027793884277166e+00
3.495222043991089045e+00
3.396890389919280828e+00
3.298211348056793391e+00
3.198773682117462158e+00
3.112797284126281649e+00
3.010158693790435880e+00
3.296626615524291815e+00
4.126877760887145641e+00
3.917772662639618098e+00
3.708803999423980535e+00
3.563301324844360352e+00
3.474439191818237127e+00
3.408652913570404230e+00
3.167252087593078524e+00
3.831729578971862615e+00
3.827712619304656894e+00
3.736051487922668279e+00
3.672310209274292081e+00
3.616892910003662198e+00
3.528998243808746160e+00
3.465168941020965399e+00
3.390599846839904785e+00
3.327824187278747736e+00
3.223850584030151456e+00
3.289164066314697266e+00
4.195604598522185924e+00
6.136506128311157049e+00
5.237479591369629262e+00
4.199298143386840820e+00
4.137072682380676270e+00
4.041952621936798273e+00
3.971577405929565430e+00
3.906375300884247004e+00
3.850124764442443670e+00
3.748517441749572576e+00
3.618258786201477228e+00
3.455210399627685725e+00
3.313303303718567072e+00
3.171583116054534912e+00
3.057587158679962336e+00
2.983614492416381658e+00
3.114559662342071711e+00
3.211254513263702481e+00
4.180653321743011297e+00
4.017608535289764582e+00
3.849388670921325861e+00
3.761853837966918856e+00
3.702906274795532138e+00
3.631983339786529541e+00
3.564391815662383944e+00
3.434075117111206055e+00
3.275636518001556308e+00
3.647124397754669012e+00
4.606818008422851385e+00
4.123804020881652654e+00
4.123640918731689808e+00
4.131786608695984242e+00
4.102157461643218817e+00
4.039141154289245250e+00
3.963315320014953791e+00
3.922457766532898127e+00
3.875936496257781805e+00
3.829778230190277188e+00
3.771282672882080078e+00
3.720290553569793879e+00
3.664576852321624667e+00
3.620206999778747381e+00
3.574468576908111483e+00
3.532426297664642334e+00
3.484258675575256259e+00
3.454048717021942050e+00
3.417070746421813965e+00
3.394983971118926913e+00
3.341101717948913752e+00
3.299609696865081876e+00
3.242900407314300626e+00
3.257217419147491633e+00
3.208381640911102117e+00
3.104562425613403231e+00
3.102415156364441096e+00
3.151314377784729004e+00
3.074736571311950772e+00
3.145124852657318115e+00
2.961173403263091863e+00
2.989538741111755549e+00
3.208336615562438876e+00
3.075846362113952459e+00
2.903856658935546786e+00
3.022010421752929776e+00
2.885559022426605225e+00
4.059805059432983754e+00
3.840738594532012939e+00
3.602675521373748690e+00
3.474740433692931951e+00
3.402950143814087003e+00
3.269648230075836270e+00
3.593943738937377841e+00
3.568901741504669101e+00
3.418550431728363037e+00
3.308684706687927246e+00
3.219578480720520108e+00
3.483225047588348389e+00
3.457422602176666082e+00
3.421203291416168302e+00
3.379225957393646063e+00
3.320014870166778653e+00
3.249907493591308594e+00
3.165884816646575839e+00
3.060024487972259344e+00
3.715599822998046697e+00
3.537451243400573819e+00
3.465476238727569491e+00
3.415829229354858221e+00
3.370607304573058904e+00
3.326679146289825528e+00
3.271024250984191806e+00
3.175596773624420166e+00
3.032884740829467685e+00
3.031073510646820068e+00
3.260118186473846436e+00
3.172005081176757724e+00
3.018935537338256925e+00
2.801906716823578058e+00
3.708227717876434237e+00
3.319676351547241389e+00
3.179392147064208807e+00
3.126150739192962824e+00
2.998264896869659246e+00
2.922452640533447443e+00
3.423302590847015381e+00
3.335578417778015226e+00
3.283982896804809481e+00
3.235934114456176847e+00
3.190479207038879217e+00
3.078148972988128840e+00
2.984494793415069402e+00
2.814804410934448331e+00
2.828326332569122137e+00
4.174790143966674805e+00
5.240154480934142711e+00
4.161534261703491389e+00
3.848996758460998535e+00
3.747590935230255216e+00
3.699891126155853360e+00
3.666988992691039950e+00
3.645731115341186435e+00
3.618154919147491544e+00
3.588764393329620273e+00
3.560890936851501376e+00
3.527792894840240390e+00
3.493542015552520752e+00
3.453101789951324552e+00
3.429232883453368963e+00
3.409345173835754306e+00
3.386199653148651123e+00
3.329671883583068759e+00
3.278145217895507724e+00
3.243506181240081609e+00
3.200551235675811679e+00
3.213614523410797119e+00
3.170651292800903409e+00
3.090445005893707187e+00
3.076980960369110285e+00
2.977445554733276545e+00
3.297489023208618253e+00
5.655855178833007812e+00
5.016914749145508168e+00
3.663595426082610906e+00
3.562523078918457209e+00
3.489346444606781006e+00
3.426202762126922430e+00
3.369331145286559970e+00
3.314285230636596857e+00
3.260516476631164728e+00
3.199580788612365723e+00
3.150231266021728427e+00
3.121705973148345858e+00
3.052650010585785001e+00
2.988174688816070734e+00
2.973788845539092840e+00
2.926869928836822510e+00
2.880745804309845060e+00
2.989676403999328436e+00
2.946943056583404719e+00
2.823516607284545898e+00
2.682321465015411466e+00
2.605880582332610995e+00
3.172673964500427157e+00
3.791716516017913818e+00
3.886202800273895086e+00
3.259817254543304621e+00
3.129004776477813721e+00
3.002178668975830078e+00
2.912806808948516846e+00
2.844750988483428777e+00
2.841129183769226074e+00
2.717705380916595637e+00
2.927595996856689364e+00
3.024771642684936701e+00
2.809497046470641912e+00
2.622592985630035400e+00
2.475610899925231756e+00
2.599803721904754727e+00
2.573317241668701350e+00
2.912738776206970304e+00
2.718873560428619385e+00
3.518067228794097723e+00
3.561371099948883234e+00
3.313607299327850253e+00
3.224161088466644287e+00
3.108696997165679932e+00
2.920092368125915439e+00
3.588500702381133944e+00
3.567151999473571866e+00
3.440094506740570157e+00
3.363088524341583341e+00
3.318395721912383856e+00
3.279363477230071933e+00
3.250193822383880438e+00
3.219796192646026789e+00
3.168999862670898615e+00
3.112495350837707342e+00
2.979042923450470060e+00
2.497635549306869596e+00
3.328029477596282870e+00
3.657668197154998690e+00
3.315822005271911621e+00
3.205213189125061035e+00
3.111142182350158603e+00
2.982477355003356756e+00
2.704106318950652899e+00
3.406443917751312167e+00
3.366225206851959140e+00
3.231550538539886386e+00
3.158739805221557617e+00
3.077321505546569913e+00
3.007391679286956609e+00
2.885089850425720304e+00
2.767781066894531072e+00
2.600750803947448730e+00
2.567101323604583651e+00
2.704439556598663419e+00
3.134128081798553289e+00
3.465673339366913019e+00
3.535128355026245117e+00
3.225149214267730713e+00
3.014443373680114835e+00
2.937646698951721369e+00
3.170435333251953036e+00
3.247115814685821444e+00
3.146993601322173983e+00
3.078052937984466553e+00
3.001420533657074063e+00
2.895682895183563144e+00
2.824348998069763361e+00
3.064240062236785800e+00
3.075476825237274170e+00
3.021823620796203702e+00
2.886873054504394354e+00
2.760786604881286799e+00
2.461160856485366644e+00
2.693558371067047208e+00
2.872333824634552002e+00
3.347722160816192449e+00
2.900928366184234442e+00
2.664117741584777654e+00
2.428788328170776278e+00
4.177082622051239369e+00
4.112349975109100164e+00
4.221240496635436656e+00
3.867694103717803866e+00
3.676726627349853338e+00
3.564510178565979182e+00
3.472915017604827792e+00
3.407799470424651922e+00
3.353524303436279386e+00
3.292896831035613925e+00
3.231681096553802313e+00
3.174864065647125422e+00
3.105912387371063232e+00
3.031089794635772883e+00
2.968710911273956476e+00
2.934051597118377597e+00
4.388567554950713934e+00
3.756645560264587402e+00
3.284865343570709140e+00
3.165170109272003263e+00
3.104383969306945712e+00
3.035182297229766846e+00
2.980100238323211581e+00
2.927268183231353849e+00
2.879725229740143000e+00
2.818284797668456854e+00
7.887699043750762584e+00
1.233614964485168386e+01
1.231062450408935582e+01
1.226948413848876918e+01
1.223500843048095632e+01
1.219386181831359828e+01
1.212278227806091380e+01
1.190479440689086843e+01
1.185143523216247630e+01
1.187912945747375559e+01
1.221178245544433594e+01
1.242014665603637624e+01
1.231856865882873464e+01
1.226370491981506383e+01
1.222888975143432688e+01
1.219884619712829554e+01
1.216991848945617605e+01
1.214439911842346120e+01
9.089333033561706188e+00
3.970162236690521151e+00
3.763554596900939853e+00
3.679625666141510099e+00
3.611128854751586736e+00
3.560740530490875244e+00
3.523110413551330478e+00
3.459463167190551580e+00
3.391301286220550715e+00
3.333476161956787198e+00
3.300596690177917569e+00
3.250294339656830012e+00
3.203681898117065607e+00
3.151756894588470637e+00
3.071127188205719172e+00
2.981938707828521551e+00
2.789538705348968417e+00
2.548656809329986395e+00
2.681757938861847101e+00
2.663975298404693604e+00
2.422585475444793524e+00
2.760017335414886475e+00
2.626502239704131991e+00
3.065135097503662198e+00
2.873708510398864657e+00
2.688769817352294922e+00
1.068849755525588918e+01
1.212483658790588414e+01
1.203853025436401403e+01
1.191372938156127859e+01
1.164786100387573242e+01
1.196046767234802211e+01
1.201437005996704066e+01
1.195724072456359899e+01
1.185807323455810547e+01
1.170436725616455043e+01
1.171814765930175817e+01
6.449904477596282604e+00
3.401812469959259122e+00
3.268907368183135986e+00
3.143284630775451838e+00
3.021659159660339267e+00
2.861147451400756658e+00
2.979673182964325040e+00
3.210779452323913485e+00
3.095938706398010165e+00
3.033997380733489901e+00
2.973023009300232111e+00
2.852890586853027433e+00
2.584861147403716863e+00
3.007780826091766446e+00
3.004457473754882812e+00
2.942809236049652277e+00
2.882569837570190252e+00
2.789776885509490878e+00
2.564448356628417969e+00
2.505328059196472168e+00
2.797343528270721524e+00
4.123094904422759832e+00
3.732969999313354492e+00
3.445379340648651034e+00
3.346006810665130615e+00
3.239980006217956454e+00
3.131998014450073420e+00
3.053615474700927646e+00
2.952296221256256015e+00
2.788287651538849055e+00
2.567110300064086914e+00
2.932263588905334561e+00
2.736828804016113281e+00
2.523966038227081210e+00
2.998939406871795832e+00
3.240132904052734464e+00
3.100550019741058261e+00
3.029873692989349276e+00
2.970977008342742920e+00
2.883039546012878596e+00
2.770948636531829656e+00
2.643539452552795321e+00
2.483971703052520574e+00
2.586000251770019354e+00
3.044049811363220392e+00
2.761805284023284734e+00
2.624273550510406672e+00
2.413153243064880549e+00
2.456417965888976873e+00
2.851432549953460516e+00
2.810333228111267179e+00
2.733502161502838312e+00
2.645482981204986483e+00
2.531607770919799716e+00
2.381058776378631503e+00
2.163285815715789706e+00
1.848144942522048861e+00
4.291067683696747181e+00
3.760627639293670832e+00
3.354799616336822332e+00
3.156458628177643000e+00
2.978492391109466730e+00
2.701369941234588623e+00
3.437934863567352117e+00
3.152703022956848233e+00
3.093751394748687655e+00
3.050240075588226407e+00
3.013781285285949796e+00
2.980546081066131503e+00
2.950083291530609220e+00
2.918836510181427091e+00
2.873665070533752530e+00
2.815322601795196444e+00
2.761747717857360840e+00
2.683217489719390780e+00
2.368172991275787176e+00
3.125380086898803533e+00
3.044924437999725342e+00
3.014109206199646174e+00
2.983767545223236173e+00
2.953840005397796453e+00
2.908438181877136319e+00
2.889161193370819003e+00
2.863396465778350830e+00
2.814415824413299738e+00
2.769073903560638428e+00
2.720963573455810636e+00
2.667457532882690607e+00
2.532419323921203613e+00
3.126312011480331332e+00
3.765158450603485196e+00
3.399396717548370361e+00
3.046771204471588224e+00
3.012552344799041659e+00
3.380749869346618475e+00
3.731778573989868342e+00
3.477566194534301935e+00
3.344309282302856623e+00
3.273316013813018621e+00
3.218070495128631414e+00
3.165688419342040927e+00
3.111760151386261164e+00
3.074798679351806729e+00
3.031724178791046054e+00
2.989327657222747625e+00
2.936200344562530429e+00
2.859645915031433283e+00
2.715136575698852361e+00
2.594735932350158869e+00
2.817006123065948664e+00
2.710714244842529208e+00
2.511406385898589999e+00
1.904372721910476685e+00
2.650340890884399503e+00
2.583812963962555109e+00
2.310366886854171575e+00
2.209725016355514438e+00
3.088424420356750577e+00
2.883883416652679443e+00
2.726959180831909357e+00
2.477213191986083807e+00
1.381809062361717189e+01
7.611407697200775146e+00
3.295118772983550937e+00
3.174543750286102473e+00
3.002297103404998779e+00
2.845218944549560369e+00
2.655775344371795743e+00
7.197871339321136652e+00
1.221081233024597168e+01
1.216211915016174316e+01
1.211505393981933665e+01
1.206923007965087891e+01
1.203334145545959544e+01
1.196647143363952637e+01
1.186657776832580602e+01
1.163177676200866628e+01
1.203625159263610911e+01
1.220049195289611887e+01
1.404305114746093786e+01
1.236050014495849680e+01
1.229346761703491175e+01
1.227461390495300364e+01
1.225687084197998011e+01
1.223610248565673864e+01
1.221926374435424734e+01
1.090589673519134450e+01
3.856491756439209162e+00
3.693434011936187922e+00
3.554930543899536222e+00
3.482270622253417880e+00
3.423851180076598943e+00
3.380439603328704745e+00
3.332189166545867831e+00
3.265101897716522039e+00
3.187070894241332830e+00
3.125128829479217440e+00
3.017214214801788419e+00
2.922060656547546209e+00
2.834748554229736150e+00
2.772217428684234708e+00
2.718472266197204501e+00
2.649958086013794123e+00
3.210728216171264471e+00
2.891150271892547696e+00
2.671414506435394465e+00
2.804272282123565496e+00
3.346801280975341797e+00
3.283175694942474188e+00
3.211870181560516180e+00
3.148783361911773770e+00
3.111065101623535334e+00
3.088676202297210516e+00
3.080470728874206365e+00
3.022345626354217440e+00
2.963656830787658514e+00
2.921841454505920588e+00
3.111905241012573153e+00
3.087240636348724365e+00
2.964890551567077814e+00
2.809456145763397306e+00
2.696279644966125488e+00
2.759477233886718839e+00
2.493356812000274481e+00
2.627960407733917148e+00
2.724035346508026034e+00
2.961901271343231112e+00
3.191247510910034002e+00
2.712982773780822754e+00
2.294851309061050504e+00
2.450864058732986628e+00
2.790709483623504461e+00
2.579541206359863281e+00
2.719862800836563288e+00
3.151859080791473477e+00
4.128809082508086981e+00
4.112217950820922674e+00
3.618248164653778076e+00
3.213505291938781649e+00
3.417776095867156805e+00
3.364552760124206454e+00
3.294388008117675959e+00
3.223032951354980469e+00
3.131586587429046720e+00
2.964749133586883634e+00
3.956504225730895996e+00
5.209898543357849299e+00
4.104860734939575373e+00
3.823914515972137274e+00
3.712502193450927912e+00
3.620312368869781583e+00
3.572420787811279475e+00
3.545193576812744052e+00
3.518052315711975186e+00
3.500997495651245295e+00
3.477611935138702481e+00
3.448246085643768222e+00
3.411027705669403165e+00
3.371089327335357488e+00
2.858904635906219571e+00
2.551185011863708496e+00
2.291174066066742121e+00
2.615724873542785822e+00
2.357294523715972812e+00
2.615464377403259100e+00
4.047876739501953480e+00
3.888836526870727450e+00
3.667155134677886785e+00
3.402648901939392179e+00
3.104272282123565763e+00
3.116741561889648349e+00
3.243490290641784846e+00
3.239683747291564941e+00
3.431060206890106379e+00
3.319891071319580167e+00
3.036319887638092130e+00
3.241758334636688055e+00
3.403063750267028897e+00
3.286475801467895419e+00
3.039790296554565341e+00
2.779223680496215820e+00
4.871421754360198975e+00
1.257352652549743688e+01
1.253266139030456472e+01
1.249938006401061941e+01
1.247580251693725550e+01
1.244707355499267543e+01
1.241089005470275808e+01
1.236990056037902797e+01
1.232748856544494664e+01
1.228120765686035121e+01
1.221135611534118581e+01
1.212362513542175257e+01
1.199739074707031250e+01
1.182648749351501394e+01
1.162999014854431223e+01
1.222623963356017995e+01
1.208326892852783274e+01
1.197135353088378906e+01
1.172377886772155797e+01
1.867795138359069895e+01
2.114162988662719656e+01
2.114308843612671041e+01
2.115414457321167063e+01
2.115429372787475515e+01
2.115430755615234304e+01
2.115748910903930735e+01
2.115674819946288920e+01
2.115333251953125071e+01
2.115497283935546946e+01
2.115470457077026367e+01
2.115094556808471538e+01
2.114830656051635671e+01
2.114811277389526367e+01
2.115392560958862234e+01
2.114366331100463725e+01
2.113188343048095774e+01
2.111319255828857422e+01
2.110376386642456126e+01
2.109451694488525320e+01
2.109953107833862163e+01
2.109239759445190288e+01
2.108965988159179616e+01
2.106558294296264577e+01
2.105037794113159322e+01
2.104706192016601562e+01
2.105263729095458913e+01
2.105434398651123118e+01
2.105979852676391673e+01
2.106649675369262553e+01
2.107153005599975515e+01
2.107502613067627095e+01
2.108184814453125000e+01
2.109298162460327219e+01
2.108621730804443217e+01
2.106657133102417134e+01
2.106027507781982422e+01
2.106072034835815288e+01
2.106715745925903249e+01
2.106698265075683452e+01
2.107431154251098704e+01
2.107950038909912038e+01
2.107645196914672781e+01
2.107815208435058452e+01
1.386414366960525513e+01
3.953151953220367609e+00
3.872479593753814786e+00
3.807164049148559659e+00
3.712650358676910400e+00
3.592808747291564853e+00
3.455625545978546320e+00
3.305631542205810458e+00
3.098996031284332098e+00
2.942255389690399348e+00
2.812069702148437322e+00
2.698590338230133057e+00
2.621689057350158780e+00
3.277526319026947021e+00
3.167046177387237371e+00
2.974359118938445956e+00
3.448852574825286954e+00
3.381802821159362704e+00
3.106615638732910245e+00
2.740884232521056951e+00
2.391836881637573242e+00
2.611405158042907626e+00
3.657440161705017179e+00
3.755879592895507990e+00
3.739757227897643865e+00
3.651946508884429843e+00
3.518073093891143976e+00
3.362306654453277588e+00
3.241596174240112482e+00
3.103190445899963290e+00
3.084549033641815097e+00
3.080289006233215332e+00
3.138177311420440763e+00
4.025565779209136608e+00
4.352639770507812145e+00
4.305964279174804510e+00
4.249564051628112793e+00
4.201488137245178223e+00
4.147963714599609553e+00
4.101792550086974742e+00
4.056792545318603338e+00
3.981641566753387540e+00
3.930729925632476807e+00
3.895726084709167480e+00
3.867457056045532138e+00
3.849433791637420832e+00
3.830216431617736728e+00
3.812032103538513184e+00
3.800119471549987971e+00
3.793505096435546786e+00
3.779976606369018555e+00
3.763500750064849854e+00
3.751597630977630438e+00
3.726204133033752530e+00
3.717586982250213445e+00
3.712159633636474609e+00
3.695957183837890625e+00
3.680830383300781161e+00
3.658958268165588557e+00
3.639500534534454435e+00
3.617204844951629639e+00
3.596812963485717773e+00
3.568110883235931396e+00
3.540903246402740567e+00
3.519169318675994695e+00
3.489077186584472745e+00
3.453536713123321444e+00
3.416787803173065186e+00
3.370465421676635653e+00
3.309900677204132169e+00
3.222145795822143555e+00
3.059472727775573553e+00
2.702520990371704013e+00
3.374416959285736262e+00
3.247509133815765558e+00
3.066749656200408847e+00
2.877403020858764648e+00
2.651146936416625799e+00
2.849526309967040927e+00
2.944596147537231534e+00
2.665183937549591153e+00
2.455004370212555020e+00
2.599568188190460205e+00
3.019126069545746027e+00
3.451668047904968173e+00
3.321588075160980313e+00
3.237066400051117121e+00
3.167809689044952304e+00
3.069686830043792725e+00
2.976961421966552557e+00
2.882223153114318759e+00
2.774646353721618830e+00
2.677379238605499090e+00
2.565086376667022883e+00
2.530392229557037354e+00
2.475945889949798584e+00
2.487301468849182129e+00
2.358109784126281916e+00
2.446608448028564364e+00
4.244900000095367609e+00
3.502676570415496737e+00
3.331337773799896151e+00
3.194311833381652921e+00
3.084614038467407227e+00
2.988267552852630793e+00
2.882505571842193692e+00
2.791551077365875155e+00
2.957199752330780029e+00
3.046741712093353094e+00
2.892817091941833674e+00
2.701394724845886053e+00
2.391044127941131414e+00
2.380408364534377874e+00
2.683854401111602783e+00
2.594875764846801935e+00
2.425725483894348056e+00
2.920488452911377042e+00
3.572018921375274658e+00
2.858279240131378351e+00
3.285325717926025568e+00
3.770958077907562433e+00
3.586656844615936368e+00
3.444375467300415217e+00
3.304334092140197576e+00
3.059137582778930664e+00
3.661300134658813654e+00
4.202823376655578258e+00
3.812447738647461115e+00
3.677855420112609686e+00
3.605182397365569891e+00
3.533529675006866544e+00
3.465155529975890936e+00
3.404117739200592130e+00
3.327200925350189298e+00
3.218138754367828369e+00
3.042537856101989568e+00
2.739852595329284490e+00
2.703267443180084051e+00
2.854235684871673673e+00
1.221625599861144984e+01
1.200601096153259206e+01
1.198935618400573766e+01
1.231863074302673411e+01
1.228521909713745153e+01
1.226232962608337473e+01
1.222347226142883336e+01
1.218508925437927282e+01
1.211423754692077637e+01
1.203976020812988246e+01
1.194983773231506419e+01
1.181203436851501465e+01
1.164476494789123606e+01
5.492168068885803223e+00
4.227324366569519043e+00
3.905948662757873446e+00
3.688962996006011963e+00
3.557064509391784757e+00
3.462598097324371516e+00
3.366639709472656339e+00
3.250712168216705500e+00
3.081758856773376465e+00
3.052307248115539551e+00
3.132640516757965177e+00
3.061121761798858643e+00
3.835395538806915194e+00
3.683647334575653076e+00
3.629601609706878840e+00
3.608686375617980779e+00
3.601093447208404630e+00
3.590964829921722501e+00
3.563234162330627619e+00
3.507994198799133212e+00
3.440537726879119962e+00
3.371088278293609797e+00
3.239527094364166082e+00
3.121124958992004483e+00
3.024318921566009344e+00
2.901277184486389160e+00
2.707256782054900945e+00
2.329956197738647372e+00
2.884104490280151367e+00
2.946918642520904630e+00
2.815519988536834717e+00
2.587623155117035001e+00
2.212035506963729858e+00
1.954697769880294755e+00
2.195395863056182950e+00
2.842160868644714178e+00
2.800374829769134433e+00
2.729576206207275479e+00
2.440820467472076594e+00
2.372375202178955256e+00
2.554011166095733643e+00
2.193275141716003240e+00
1.133395581245422434e+01
1.157423877716064453e+01
1.116023087501525879e+01
1.145989437103271413e+01
1.216447582244873082e+01
1.216242332458496023e+01
1.210138602256774831e+01
1.203297533988952672e+01
1.195451478958129954e+01
1.185838341712951660e+01
1.175434145927429164e+01
1.153968272209167445e+01
1.094278652667999197e+01
3.230236184597015558e+00
3.251458072662353427e+00
3.130986893177032382e+00
3.031304013729095637e+00
2.909287190437316983e+00
2.738111853599548340e+00
2.715649372339248746e+00
4.049954080581665394e+00
3.796224701404571356e+00
3.632609415054321111e+00
3.484875404834747226e+00
3.441841471195220770e+00
3.404155123233794988e+00
3.352070116996765048e+00
3.268723082542419611e+00
3.124658763408660889e+00
3.050579786300659180e+00
2.983632886409759433e+00
2.886694288253784269e+00
2.853152644634247004e+00
2.832559037208556951e+00
2.621151757240295588e+00
3.198949241638183505e+00
3.264350640773773016e+00
3.214888978004455389e+00
3.149908721446990967e+00
3.058629488945007413e+00
2.926595675945281805e+00
2.755702280998229892e+00
2.506927835941314520e+00
2.054247349500656128e+00
2.424506962299346924e+00
2.255249601602554499e+00
2.133881127834320157e+00
3.540231895446777521e+00
3.854941940307617276e+00
3.716279613971710027e+00
3.614072394371032892e+00
3.528441119194030584e+00
3.465007543563842773e+00
3.423092293739318670e+00
3.376475620269775213e+00
3.330454981327056974e+00
3.259301006793975830e+00
3.161024570465087891e+00
3.003875303268432440e+00
2.638175010681152344e+00
2.729135823249817072e+00
3.086829221248626798e+00
3.036288619041442871e+00
2.751403927803039551e+00
2.214288496971130282e+00
2.229546666145324707e+00
2.225180774927139282e+00
1.486172086000442505e+01
2.102427949905395366e+01
2.102751903533935618e+01
2.104247875213622976e+01
2.106428747177124094e+01
2.107719573974609517e+01
2.108100690841674663e+01
2.108742790222168040e+01
2.108961467742919993e+01
2.107459135055541921e+01
2.106561136245727539e+01
2.106606416702270579e+01
2.109145441055297709e+01
2.111013193130493093e+01
2.116555624008178782e+01
2.122910814285278391e+01
2.129411373138427876e+01
2.132582912445068501e+01
2.133507375717163157e+01
2.133429908752441406e+01
2.133314218521118022e+01
2.134360837936401367e+01
2.138524761199951030e+01
2.144709377288818430e+01
2.150429058074951172e+01
2.156436729431152344e+01
2.159612379074096822e+01
2.160615844726562429e+01
2.159761857986450195e+01
2.156879043579101562e+01
2.154668102264404439e+01
2.153934745788574290e+01
2.154908885955810405e+01
2.155159311294555735e+01
2.156315860748291158e+01
2.158341808319091726e+01
2.161050519943237447e+01
2.163759803771972656e+01
2.159245786666870259e+01
2.137850961685180806e+01
2.132472944259643555e+01
2.131537036895752024e+01
2.131659965515136790e+01
2.132732028961181570e+01
2.132811346054077006e+01
2.133173532485961843e+01
2.133389520645141602e+01
2.132457408905029439e+01
2.132775545120239258e+01
2.134469852447509908e+01
2.135927734375000142e+01
2.136668739318847798e+01
2.136968269348144389e+01
2.138055801391601562e+01
2.137901067733764648e+01
2.138973255157470632e+01
2.142500581741332866e+01
2.145025167465210103e+01
2.145153150558471822e+01
2.144474010467529368e+01
2.137217779159545827e+01
2.133452501296996928e+01
2.129626016616821360e+01
2.127856302261352539e+01
2.127890138626098704e+01
2.129553670883178640e+01
2.133381423950195455e+01
2.137131586074828959e+01
2.138592777252197408e+01
2.139577426910400249e+01
2.139754810333251811e+01
2.141221981048584055e+01
2.144545373916626119e+01
2.145553674697875834e+01
2.146859521865844656e+01
2.147517662048339915e+01
2.149728937149047781e+01
2.152863264083862305e+01
2.154444942474365376e+01
2.157088632583618093e+01
2.159529066085815430e+01
2.147346239089965891e+01
2.128987865447998118e+01
2.124819660186767578e+01
2.124055833816528249e+01
2.125891103744506694e+01
2.127911243438720845e+01
2.129551296234130930e+01
2.132075014114379741e+01
2.135809717178344869e+01
2.136127624511718892e+01
2.136575231552124166e+01
2.137971887588501119e+01
2.137787370681762766e+01
2.139158992767334055e+01
2.141003179550170898e+01
2.143259029388427805e+01
2.144933347702026438e+01
2.144321746826171804e+01
2.142384519577026225e+01
2.140623760223388672e+01
2.140869092941284180e+01
2.143226032257080149e+01
2.144323596954345845e+01
2.144326295852660991e+01
2.144110736846923970e+01
2.144535579681396342e+01
2.144680318832397603e+01
2.141680946350097514e+01
2.140151033401489400e+01
2.140751619338989187e+01
2.142557802200317241e+01
2.145582304000854634e+01
2.148283748626709055e+01
2.150320444107055806e+01
2.152655601501464844e+01
2.153143806457519460e+01
2.153297843933105327e+01
2.152378158569336009e+01
2.151653089523315288e+01
2.149272375106811594e+01
2.147077445983886790e+01
2.146355485916137695e+01
2.145136137008666921e+01
2.143318405151367045e+01
2.140921516418456960e+01
2.139483032226562642e+01
2.137991237640380859e+01
2.138865337371826314e+01
2.140644273757934712e+01
2.142426967620849609e+01
2.142617321014404297e+01
2.142993631362914897e+01
2.144870004653930806e+01
2.147057180404663157e+01
2.147690610885620188e+01
2.148740091323852397e+01
2.149373149871826172e+01
2.149726533889770508e+01
2.150775003433227539e+01
2.151633729934692241e+01
2.151905002593993999e+01
2.150089626312255930e+01
2.148568487167358398e+01
2.149188528060913228e+01
2.150124912261962962e+01
2.151422948837280202e+01
2.153107919692993022e+01
2.152348985671996928e+01
2.149604177474975586e+01
2.148051414489746236e+01
2.149092493057251119e+01
2.151729755401611399e+01
2.154138488769531179e+01
2.155557107925415039e+01
2.155982789993286275e+01
2.156570062637329244e+01
2.155572643280029155e+01
2.155600814819336009e+01
2.157104940414428640e+01
2.157973117828369070e+01
2.158522853851318501e+01
2.160501070022582937e+01
2.163419609069824290e+01
2.165698423385619975e+01
2.166833972930908203e+01
2.166388359069824077e+01
2.165741024017334126e+01
2.163176164627075337e+01
2.161530704498290945e+01
2.162037706375122070e+01
2.162923355102538991e+01
2.164681310653686452e+01
2.166241350173950053e+01
2.167567825317382812e+01
2.169408531188964773e+01
2.169924020767211914e+01
2.168778085708618164e+01
2.162694158554077006e+01
2.158348035812377930e+01
2.156585178375244283e+01
2.155028905868530131e+01
2.154445047378539968e+01
2.154841709136962891e+01
2.154438447952270508e+01
2.154394378662109233e+01
2.154864301681518413e+01
2.156230802536010671e+01
2.158741064071655202e+01
2.160479574203491282e+01
2.160353107452392507e+01
2.157866630554199361e+01
2.155434894561767578e+01
2.153599452972412109e+01
2.154535799026489329e+01
2.156191587448120117e+01
2.156564826965331960e+01
2.156879882812500071e+01
2.156617336273193430e+01
2.155482025146484304e+01
2.154969091415405202e+01
2.155000457763672017e+01
2.155489826202392578e+01
2.157524538040161133e+01
2.160169630050659251e+01
2.160916824340820241e+01
2.161994819641113352e+01
2.163675680160522319e+01
2.164397907257080078e+01
2.163839216232299734e+01
2.162541332244872905e+01
2.162174167633056499e+01
2.161422214508056783e+01
2.157918748855590962e+01
2.136568708419799734e+01
2.133148565292358256e+01
2.137810621261596822e+01
2.142898883819579936e+01
2.147497215270995952e+01
2.152293472290039134e+01
2.157283821105956889e+01
2.162422180175781250e+01
2.167176408767700124e+01
2.170555839538574361e+01
2.175730543136596751e+01
2.180570507049560547e+01
2.184169197082519531e+01
2.186689043045043945e+01
2.189202489852905131e+01
2.190576047897338796e+01
2.192135868072509908e+01
2.187429962158203267e+01
2.182385931015014791e+01
2.180024061203003072e+01
2.178628387451171733e+01
2.175823688507080078e+01
2.173283796310424876e+01
2.171253395080566406e+01
2.170448570251464915e+01
2.170881080627441406e+01
2.172340726852416992e+01
2.173528366088867259e+01
2.175373201370239329e+01
2.177307147979736257e+01
2.179242620468139791e+01
2.181644945144653391e+01
2.184347047805785991e+01
2.185980224609375000e+01
2.187638578414917134e+01
2.189989738464355540e+01
2.192878885269164968e+01
2.194937152862548757e+01
2.196614379882812429e+01
2.198678770065307475e+01
2.201500196456909109e+01
2.203645811080932759e+01
2.206040105819702291e+01
2.208042802810668803e+01
2.209915103912353374e+01
2.212616672515868999e+01
2.215122585296630930e+01
2.217510442733764719e+01
2.219757261276244975e+01
2.221536579132079936e+01
2.223565168380737234e+01
2.225642461776733327e+01
2.227356691360473562e+01
2.228892631530761648e+01
2.230989971160888530e+01
2.232678604125976562e+01
2.234355821609496928e+01
2.235656127929687642e+01
2.236955041885375906e+01
2.237965908050536967e+01
2.239072694778442241e+01
2.238849601745605611e+01
2.237542686462402486e+01
2.235810937881469584e+01
2.232109251022338725e+01
2.222822103500366353e+01
2.206954479217529297e+01
2.195801143646240305e+01
2.189947175979614258e+01
2.187687053680419780e+01
2.183996438980102539e+01
2.180191698074340678e+01
2.180068826675415039e+01
2.180302419662475444e+01
2.181345300674438548e+01
2.183560886383056499e+01
2.186086416244506836e+01
2.188879289627075053e+01
2.191717290878295898e+01
2.194939203262329031e+01
2.197960815429687642e+01
2.200217466354370188e+01
2.202806253433227468e+01
2.205758228302001811e+01
2.208512907028198313e+01
2.210542764663696147e+01
2.212541122436523366e+01
2.215740509033203054e+01
2.218148784637451243e+01
2.220355348587036204e+01
2.222982454299926758e+01
2.225296554565429830e+01
2.227009229660034251e+01
2.228873186111450266e+01
2.230259485244750906e+01
2.231468582153320312e+01
2.232561540603637695e+01
2.233949460983276225e+01
2.235296030044555593e+01
2.236585340499878072e+01
2.237440357208252095e+01
2.239001836776733256e+01
2.241123838424682546e+01
2.243401699066162180e+01
2.244522018432617116e+01
2.246235227584838867e+01
2.247176237106323171e+01
2.247314662933349538e+01
2.248398380279541087e+01
2.249213256835937358e+01
2.250302362442016602e+01
2.251273412704467702e+01
2.251148366928100586e+01
2.250288820266723633e+01
2.249315757751464773e+01
2.247581596374511648e+01
2.245800428390503001e+01
2.240695457458496165e+01
2.225516338348388601e+01
2.200854806900024485e+01
2.185265865325927592e+01
2.178606214523315288e+01
2.176260700225829936e+01
2.176072292327880930e+01
2.176811895370483541e+01
2.178322668075561452e+01
2.181058340072631907e+01
2.185698270797729492e+01
2.190688743591308452e+01
2.196241512298583842e+01
2.202105283737182617e+01
2.204847488403320455e+01
2.205651693344116282e+01
2.208831682205200053e+01
2.212232437133788920e+01
2.215994758605956960e+01
2.219509029388427734e+01
2.222686624526977539e+01
2.225492076873779368e+01
2.228032779693603516e+01
2.231273736953735209e+01
2.233738040924072266e+01
2.236371307373046946e+01
2.235669021606445384e+01
2.231881666183471680e+01
2.223186569213867259e+01
2.208599929809570384e+01
2.193809328079223775e+01
2.184022216796875071e+01
2.179674768447875977e+01
2.177940969467163157e+01
2.177691068649291850e+01
2.178203039169311594e+01
2.179553499221801616e+01
2.181544742584228658e+01
2.183286952972412109e+01
2.186535634994506694e+01
2.191533727645873952e+01
2.196241941452026225e+01
2.197754430770874023e+01
2.199089784622192312e+01
2.200939836502075053e+01
2.203536376953125142e+01
2.206321573257446289e+01
2.208759031295776509e+01
2.211648664474487447e+01
2.213815097808837962e+01
2.216593208312988139e+01
2.219479188919067525e+01
2.221879062652588033e+01
2.224182157516479563e+01
2.226093235015868999e+01
2.227712230682373118e+01
2.228997831344604563e+01
2.230195741653442454e+01
2.231272172927856445e+01
2.232868070602416921e+01
2.234861030578613139e+01
2.236576051712036062e+01
2.237720327377319407e+01
2.239275007247924876e+01
2.240116615295410085e+01
2.241491603851318359e+01
2.242411823272705007e+01
2.243814115524292063e+01
2.244773368835449290e+01
2.245719051361083984e+01
2.246849174499511648e+01
2.248210325241088725e+01
2.249607276916503906e+01
2.250872793197631694e+01
2.251627941131591726e+01
2.253051090240478516e+01
2.254145717620849609e+01
2.254967107772827006e+01
2.255833911895751953e+01
2.256785507202148366e+01
2.257962951660156392e+01
2.258690271377563619e+01
2.259610061645507884e+01
2.260371198654174663e+01
2.260954351425170827e+01
2.261618947982788086e+01
2.262555732727050639e+01
2.263620033264160014e+01
2.264081687927246023e+01
2.264434051513671875e+01
2.265049543380737163e+01
2.265547132492065430e+01
2.266352176666259766e+01
2.267151241302490305e+01
2.267792787551879741e+01
2.267953214645385884e+01
2.268170871734618999e+01
2.268762588500976562e+01
2.269136285781860352e+01
2.269576759338378835e+01
2.270023965835571289e+01
2.270654678344726562e+01
2.271180658340454173e+01
2.271697196960449361e+01
2.272015523910522461e+01
2.272527952194213796e+01
2.273097734451294016e+01
2.273514385223388601e+01
2.273882656097412180e+01
2.274421358108520508e+01
2.274964151382446431e+01
2.275257644653320455e+01
2.275224180221557546e+01
2.275480117797851420e+01
2.276108379364013601e+01
2.276244564056396413e+01
2.276181793212890625e+01
2.266392707824707031e+01
9.606643843650818582e+00
4.965033984184264781e+00
4.338558173179626110e+00
4.130506968498229625e+00
4.049430620670318781e+00
3.920682573318481356e+00
3.827517521381378351e+00
3.718593895435333252e+00
3.656226563453674139e+00
3.552298915386200129e+00
3.471113491058349432e+00
3.464744400978088557e+00
3.395043373107910156e+00
3.409873926639556796e+00
3.419887554645538508e+00
3.342857873439788907e+00
3.268712377548217862e+00
3.241504120826721014e+00
4.057420587539672496e+00
4.001098716259003041e+00
3.824899303913116277e+00
3.940058064460754572e+00
3.576940453052520841e+00
3.401528358459472656e+00
3.305426383018493564e+00
3.640589404106139959e+00
3.503395581245422274e+00
3.340002000331878662e+00
3.263617360591888339e+00
3.146311402320861816e+00
3.113140535354614435e+00
1.136360416412353480e+01
1.230243587493896484e+01
1.287052221298217702e+01
1.272723207473754847e+01
1.240132565498351980e+01
1.073609386682510447e+01
4.288964033126831055e+00
4.207180571556091486e+00
4.025429439544677912e+00
3.845191609859466730e+00
3.685098814964294256e+00
3.613991999626159579e+00
3.648509383201599121e+00
3.391012358665466131e+00
3.565891015529632391e+00
3.255350065231323420e+00
3.280987501144409180e+00
3.485017156600952237e+00
3.243841958045959650e+00
2.950864660739898504e+00
3.175927054882049738e+00
3.259839451313018888e+00
3.034945392608642489e+00
3.413295888900756747e+00
4.298421597480773571e+00
4.081014394760131836e+00
3.898122751712798983e+00
3.702528738975524814e+00
3.522758960723876953e+00
3.316472244262695490e+00
3.185947668552398859e+00
3.971741902828216375e+00
3.970156228542327970e+00
3.869298791885376065e+00
3.798923254013061523e+00
3.676160609722137540e+00
3.695682978630066007e+00
4.037231862545013428e+00
4.097477686405182062e+00
3.978709411621093928e+00
3.805302822589874179e+00
3.438759994506836115e+00
3.527544534206390470e+00
1.297067494392394948e+01
1.331314625740051305e+01
1.333394608497619593e+01
1.334071035385131765e+01
1.332629652023315359e+01
1.331222200393676758e+01
1.328953461647033762e+01
1.326726551055908132e+01
1.324266719818115234e+01
1.319655575752258336e+01
7.522115015983581898e+00
4.529046916961670277e+00
4.438927817344665350e+00
4.352872204780578791e+00
4.290156817436217906e+00
4.247479128837585272e+00
4.170041632652282892e+00
4.083702862262725830e+00
3.955958127975463867e+00
3.791838479042053400e+00
3.673790740966796697e+00
3.596271252632141202e+00
3.528443312644958585e+00
3.458025860786437811e+00
3.359694075584411799e+00
3.353335273265838801e+00
3.967803084850311190e+00
4.389673972129822133e+00
4.219296741485595525e+00
4.069538748264312389e+00
3.978038215637206942e+00
3.898978734016418368e+00
3.946428763866424383e+00
3.838315689563751132e+00
4.176273322105407360e+00
4.165889096260070978e+00
3.996728312969207941e+00
3.723360121250152588e+00
3.889259219169616699e+00
4.153142237663269398e+00
4.160212612152099254e+00
4.024010741710663197e+00
3.825620281696319402e+00
3.534189701080322266e+00
3.973271322250366389e+00
3.893873238563537509e+00
3.678081774711608798e+00
3.465984964370727450e+00
3.641723001003265292e+00
3.315894389152526767e+00
3.600558316707611173e+00
3.360820412635803223e+00
2.935163080692291260e+00
3.005518698692321689e+00
3.468017816543579102e+00
4.793746924400329235e+00
4.570658087730407715e+00
4.372111773490905406e+00
4.255073690414429066e+00
4.144179797172546031e+00
3.997794997692108332e+00
3.833481335639953524e+00
3.652773547172546209e+00
3.829284191131591797e+00
3.879566621780395685e+00
3.953722226619720281e+00
3.728184890747070490e+00
1.218254296779632639e+01
1.317802448272705007e+01
1.316626200675964320e+01
1.315378036499023473e+01
1.314838061332702601e+01
1.314196543693542552e+01
1.313983492851257395e+01
1.313251981735229457e+01
1.312574539184570277e+01
1.310769228935241770e+01
1.308428564071655309e+01
1.305979967117309570e+01
1.302854919433593750e+01
1.298880629539489817e+01
1.294195370674133372e+01
1.286589188575744558e+01
1.274638676643371582e+01
5.095148050785065053e+00
3.827360463142395197e+00
3.617503392696380438e+00
3.743320679664611905e+00
3.696888208389282227e+00
3.398121225833892645e+00
3.102517378330230891e+00
3.357392513751983554e+00
3.071177506446838290e+00
2.866556060314178644e+00
3.932097971439361572e+00
4.142308712005615234e+00
3.879081940650940030e+00
3.726768267154693781e+00
3.560854661464690984e+00
3.419367575645446689e+00
3.108562922477722257e+00
2.877291679382324219e+00
2.882739460468292325e+00
3.031608080863952726e+00
3.257294046878814520e+00
6.268537545204162953e+00
1.218031525611877441e+01
1.297399816513061488e+01
1.300883140563964879e+01
1.293461899757385325e+01
1.288241095542907644e+01
1.284605698585510325e+01
1.281770567893982005e+01
1.278654012680053675e+01
1.274643893241882253e+01
1.270858588218689000e+01
1.266015720367431641e+01
1.258761558532714808e+01
1.248257274627685476e+01
1.226348891258239782e+01
1.217779359817504847e+01
1.287281312942504918e+01
1.284409046173095703e+01
1.280980529785156286e+01
1.277257151603698659e+01
1.272051877975463796e+01
1.266365184783935582e+01
1.259621701240539515e+01
1.249034762382507324e+01
1.230362124443054128e+01
1.254484586715698313e+01
1.330217561721801722e+01
1.322475666999816823e+01
1.315570259094238281e+01
1.310546250343322683e+01
1.307064309120178258e+01
1.304371051788330149e+01
1.302493863105773997e+01
1.301255879402160609e+01
1.300797872543335032e+01
1.299759206771850550e+01
1.298158593177795339e+01
1.296333136558532750e+01
1.294696822166442907e+01
1.293010754585266042e+01
1.291280717849731374e+01
1.290058641433715891e+01
1.288860979080200231e+01
1.287334756851196360e+01
1.285616202354431081e+01
1.283630785942077601e+01
1.281361465454101634e+01
1.279143900871276784e+01
1.275817327499389719e+01
1.030134100914001394e+01
4.205377721786499379e+00
4.170920491218566895e+00
4.046603095531463801e+00
3.882333004474639804e+00
3.646198546886444181e+00
4.016257393360137762e+00
4.671922039985656916e+00
4.565966916084289728e+00
4.448331046104430975e+00
4.360555005073547541e+00
4.285047483444214045e+00
4.198510694503784002e+00
4.104920864105224609e+00
3.967618739604950040e+00
3.775491952896118164e+00
3.622486937046050848e+00
3.478194987773895352e+00
4.164029598236083984e+00
4.232671403884888051e+00
4.179221963882445934e+00
4.111506557464599254e+00
4.049472212791442871e+00
3.986999094486236572e+00
3.900775754451751620e+00
3.770952951908111750e+00
3.550270259380340576e+00
3.261012780666351141e+00
4.109386169910431263e+00
4.097831296920776190e+00
4.041569471359252930e+00
3.972985076904296697e+00
3.893704307079315363e+00
3.805020964145660489e+00
3.680516135692596613e+00
3.503650832176208318e+00
3.260728621482849032e+00
6.228823173046111883e+00
1.248371953964233327e+01
1.220586147308349645e+01
1.215017113685607875e+01
1.326926116943359446e+01
1.340406723022460866e+01
1.338541784286499059e+01
1.336436347961425852e+01
1.333303995132446218e+01
1.328174161911010742e+01
1.322124800682067836e+01
1.317683868408203196e+01
1.314645209312439000e+01
1.313549041748046875e+01
1.311756954193115199e+01
1.311160178184509206e+01
1.310388593673706126e+01
1.309165296554565394e+01
1.307630825042724609e+01
4.788309979438781561e+00
4.666574048995971502e+00
4.621312117576598766e+00
4.582569909095764338e+00
4.536125612258911310e+00
4.494635796546935680e+00
4.455865478515624645e+00
4.423386287689209162e+00
4.388566327095031916e+00
4.342050480842590154e+00
4.303909039497375133e+00
4.267088603973388850e+00
4.238634014129639027e+00
4.209965991973876775e+00
4.181564950942993519e+00
4.161668491363525568e+00
4.149785375595092418e+00
4.144752883911133168e+00
4.128693032264709295e+00
4.099834418296813610e+00
4.041605901718139826e+00
3.935924458503722967e+00
3.808451068401336848e+00
3.660296571254730402e+00
3.623136675357818692e+00
3.736402094364166260e+00
3.604174888134002774e+00
7.699353015422820690e+00
1.288767752647399867e+01
1.283912591934204173e+01
1.279865779876709020e+01
1.275885448455810511e+01
1.270191168785095215e+01
1.261724524497985911e+01
1.251982493400573659e+01
1.245464868545532156e+01
1.237513527870178187e+01
1.226299505233764719e+01
1.213312244415283203e+01
1.204178442955017125e+01
1.203300175666809047e+01
1.228040690422058034e+01
1.268237199783325231e+01
1.326831593513488805e+01
1.290711822509765661e+01
1.286879568099975657e+01
1.281950230598449636e+01
1.276476655006408656e+01
1.272645521163940430e+01
1.268787722587585520e+01
1.267399382591247559e+01
1.265532240867614711e+01
1.261397957801818848e+01
1.258648176193237234e+01
1.257698411941528249e+01
1.256925301551818919e+01
1.254629955291748011e+01
1.251408352851867711e+01
1.249433846473693777e+01
1.246125116348266637e+01
1.243072352409362757e+01
1.239442543983459544e+01
1.237210326194763255e+01
1.236516709327697683e+01
1.236347126960754395e+01
1.238003435134887731e+01
1.274171400070190430e+01
5.739138841629028320e+00
4.322641992568970082e+00
4.225198531150818226e+00
4.138687825202941539e+00
4.071349823474884388e+00
4.009926843643188299e+00
3.934821009635925293e+00
3.833413493633270441e+00
3.710699796676635742e+00
3.584821963310241610e+00
3.547284972667694269e+00
3.547860538959503263e+00
3.475483751296997159e+00
3.383270025253295898e+00
3.313217818737030029e+00
3.275627124309539617e+00
3.203655064105987549e+00
3.174781310558318914e+00
3.156691229343414395e+00
3.090872204303741544e+00
3.106274163722992032e+00
3.044968307018280029e+00
2.992289066314697266e+00
2.863617360591888428e+00
3.180111801624298185e+00
3.048276853561401545e+00
2.973476457595825018e+00
3.056817579269409002e+00
3.150214505195617853e+00
3.464210581779480158e+00
3.089129328727722168e+00
3.049366343021392645e+00
2.914958453178405851e+00
2.688827168941497980e+00
3.192536532878875732e+00
2.967259335517883123e+00
2.989524233341216863e+00
8.018536341190337424e+00
1.223405528068542480e+01
1.216898345947265625e+01
1.237035923004150462e+01
1.268118481636047434e+01
1.248434967994689870e+01
1.213129353523254395e+01
1.251705789566040039e+01
1.330963759422302317e+01
1.331745476722717214e+01
1.328904418945312571e+01
1.178825387954711879e+01
4.612463402748107733e+00
4.609420084953308461e+00
4.514881706237792613e+00
4.452956867218017756e+00
4.397846674919128063e+00
4.355716443061828258e+00
4.316731905937194469e+00
4.269378995895385387e+00
4.214152503013610662e+00
4.156489729881286621e+00
4.045057833194732666e+00
3.852039539813995273e+00
3.602768623828887851e+00
3.746913492679595947e+00
4.195790362358093439e+00
4.063946938514709117e+00
3.920270383358001709e+00
3.746232068538665860e+00
3.517809343338012873e+00
3.755483365058899015e+00
4.463133382797241033e+00
4.592848706245422186e+00
4.539451575279235485e+00
4.480945372581482289e+00
4.424260997772217152e+00
4.353893756866455078e+00
4.272692370414733709e+00
4.178235864639281871e+00
4.063370001316070734e+00
3.875397729873657049e+00
3.417622268199920654e+00
4.087269592285156072e+00
4.777654528617858887e+00
4.745796632766723810e+00
4.707919979095459340e+00
4.674822711944580433e+00
4.651254153251647594e+00
4.620686054229736328e+00
4.587442827224731623e+00
4.553862047195434748e+00
4.523407125473022816e+00
4.511357355117797674e+00
4.510602164268493475e+00
4.491919946670532404e+00
4.471640086174010875e+00
4.449195408821106312e+00
4.426666736602783203e+00
4.410486221313476562e+00
4.405028963088989613e+00
4.393298768997192738e+00
4.373094439506530762e+00
4.348662543296813787e+00
4.330206894874573109e+00
4.319647097587585804e+00
4.300291037559508922e+00
4.278831672668457209e+00
4.257371902465820312e+00
4.232620429992675959e+00
4.202833604812622248e+00
4.153629112243652166e+00
4.086783885955810547e+00
4.022685194015503285e+00
3.960682666301727384e+00
3.864447784423828303e+00
3.693054389953613459e+00
3.313894104957580744e+00
3.209132409095764249e+00
3.239811289310455145e+00
3.335761821269989102e+00
3.059748792648315341e+00
9.822102403640746715e+00
1.238250541687011719e+01
1.226828565597534215e+01
1.209495601654052699e+01
1.230461783409118581e+01
1.216766750812530518e+01
4.519762635231018066e+00
4.544562792778014781e+00
4.501111102104187189e+00
4.465676784515380859e+00
4.431180644035339178e+00
4.350047802925109508e+00
4.227157247066497980e+00
3.948229467868805020e+00
4.112459862232208607e+00
4.234012973308563410e+00
4.040121674537658691e+00
4.808360159397125244e+00
4.806718182563781916e+00
4.751502966880797985e+00
4.730925345420837758e+00
4.727406287193298695e+00
4.718704438209533336e+00
4.710579824447632014e+00
4.725860238075256348e+00
4.726038718223572133e+00
4.718506050109863459e+00
4.701940703392028631e+00
4.677859020233154475e+00
4.631084823608398793e+00
4.551874828338623225e+00
4.471814990043640137e+00
4.421687602996826172e+00
4.398447012901305797e+00
4.374667239189148127e+00
4.365524721145630060e+00
4.355595326423644664e+00
4.350546813011169078e+00
4.359085726737975897e+00
4.350504398345947266e+00
4.330606508255004705e+00
4.314799666404724121e+00
4.292416119575500844e+00
4.268864250183105113e+00
4.244879913330078303e+00
4.220678997039795100e+00
4.202275490760802867e+00
4.170881438255309881e+00
4.128083729743957875e+00
4.088687109947204412e+00
4.083197140693664906e+00
3.990320086479187012e+00
3.888236284255981445e+00
3.815732038021087735e+00
3.746163320541382014e+00
3.706317687034606845e+00
3.559443020820617587e+00
3.628245425224304377e+00
4.073649573326110662e+00
4.086099076271056951e+00
4.081866383552551270e+00
4.032765460014343439e+00
3.975890254974365323e+00
3.911060345172882258e+00
3.822531187534332187e+00
3.654817450046539129e+00
8.173898673057555797e+00
1.310551533699035609e+01
1.309308066368103063e+01
1.311108150482177770e+01
1.312630763053894078e+01
1.312750515937805140e+01
1.311916532516479528e+01
1.311482658386230504e+01
1.311390333175659251e+01
1.311140813827514684e+01
1.310383381843566930e+01
1.309455122947692907e+01
1.307866110801696813e+01
1.306693921089172328e+01
1.306118435859680105e+01
1.306330742835998571e+01
1.307000889778137243e+01
1.306651163101196289e+01
1.305859832763671946e+01
1.305888352394103968e+01
1.304844970703124929e+01
1.303413233757019007e+01
1.301327471733093333e+01
1.299355125427246094e+01
1.297696948051452637e+01
1.296664290428161692e+01
1.295469069480895996e+01
1.294575614929199148e+01
1.294407382011413610e+01
1.294351563453674281e+01
1.293804774284362757e+01
1.292736387252807617e+01
1.291741814613342321e+01
1.291224989891052211e+01
1.289592428207397390e+01
1.288451776504516566e+01
1.287054462432861257e+01
1.285167732238769567e+01
1.284658203124999964e+01
1.284336318969726598e+01
1.283411173820495677e+01
1.282520260810852086e+01
1.280230836868286204e+01
1.278516783714294469e+01
9.537768864631653187e+00
4.099906039237976252e+00
3.986656224727630704e+00
3.918379044532775968e+00
3.861517608165740967e+00
3.803058159351349055e+00
3.727079355716705233e+00
3.604261255264282315e+00
3.396755874156951904e+00
3.036031389236450106e+00
3.655833685398101718e+00
3.858738744258880526e+00
3.778056061267852872e+00
3.692661046981811523e+00
3.626797366142272772e+00
3.552141892910003484e+00
3.455307257175445734e+00
3.316283178329467951e+00
3.260245537757873624e+00
3.637064099311828613e+00
3.504061543941497714e+00
3.376931869983673007e+00
3.227175426483154475e+00
3.682661104202270330e+00
4.238624978065490545e+00
4.185971331596374689e+00
4.146588993072509943e+00
4.127585387229919078e+00
4.112378978729248402e+00
4.100494122505187633e+00
4.079244399070740101e+00
4.062256336212158203e+00
4.040196299552917480e+00
4.003116512298584340e+00
3.952659964561462402e+00
3.890999364852905096e+00
3.810550534725189120e+00
3.713920199871063144e+00
3.595253586769104004e+00
3.441338443756103427e+00
3.273431181907653809e+00
3.108117175102234064e+00
2.983362972736358643e+00
2.961924636363983065e+00
3.215334165096282781e+00
2.713481307029724121e+00
2.833294510841369629e+00
2.576056206226348788e+00
2.586324369907379239e+00
2.487554353475570856e+00
3.249856245517730891e+00
3.622116792201995672e+00
3.247472310066223056e+00
3.327259361743927002e+00
3.812972068786621094e+00
3.746705579757690252e+00
3.611569392681121649e+00
3.400048625469207941e+00
3.214912545680999933e+00
3.931366598606109708e+00
3.821823394298553556e+00
3.686568427085876287e+00
3.569028925895691096e+00
3.440522527694702237e+00
3.254246711730957031e+00
2.859322845935821533e+00
3.135210800170898260e+00
3.236859834194183438e+00
3.039034974575042902e+00
2.612249457836151034e+00
1.201825351715087820e+01
1.226531190872192312e+01
1.262112960815429652e+01
1.260237603187561106e+01
1.253651542663574148e+01
1.247127776145935130e+01
1.240951957702636754e+01
1.234012184143066371e+01
1.223590869903564382e+01
1.206383891105651784e+01
1.175771565437316823e+01
1.206586761474609304e+01
1.187691941261291539e+01
1.268205213546752930e+01
1.303912563323974538e+01
1.295393114089965891e+01
1.288699665069580114e+01
1.283391880989074707e+01
1.281117882728576696e+01
1.280852804183959925e+01
1.280489015579223633e+01
1.280423498153686523e+01
1.279591312408447301e+01
1.279781603813171387e+01
1.279003767967224192e+01
1.277937059402465891e+01
1.275443768501281738e+01
1.270620002746582067e+01
1.268242802619934118e+01
1.266236743927001918e+01
1.263174862861633230e+01
1.258323760032653738e+01
1.252170305252075266e+01
1.246110463142395020e+01
1.241039166450500453e+01
1.235382080078125000e+01
1.231179866790771449e+01
1.240632209777831996e+01
1.234299054145813024e+01
1.231593194007873571e+01
1.227077946662902797e+01
1.224962978363037180e+01
1.219587068557739329e+01
1.208256239891052175e+01
1.189247627258300710e+01
1.204989738464355398e+01
1.224880619049072195e+01
1.232541122436523473e+01
1.229284620285034180e+01
1.222992687225341868e+01
1.212926015853881800e+01
1.201697859764099086e+01
1.169773120880126882e+01
4.532347726821899236e+00
4.536052417755127131e+00
4.564700460433959606e+00
4.595925498008727850e+00
4.636281251907348633e+00
4.681263160705566584e+00
4.716296052932738903e+00
4.754494571685791371e+00
4.806329727172851562e+00
4.846585035324096680e+00
4.860541868209838690e+00
4.883574247360229492e+00
4.908562231063842596e+00
4.919855451583861949e+00
4.928845262527465465e+00
4.921761631965637207e+00
4.924800443649291815e+00
4.915829396247863414e+00
4.864981293678283691e+00
4.742559790611267090e+00
4.503152036666870472e+00
4.345746517181396484e+00
4.256166243553161976e+00
4.173171401023864746e+00
4.111996364593506037e+00
4.064381277561187389e+00
4.040873312950134633e+00
4.030428409576416016e+00
4.010876655578613281e+00
3.955567789077758967e+00
3.893768703937530606e+00
3.822335469722747625e+00
3.750841367244720281e+00
3.612660706043243408e+00
3.955390799045562567e+00
4.185372281074523748e+00
4.119248414039612172e+00
4.026466369628906250e+00
3.921662497520446600e+00
3.786537039279937567e+00
3.554837083816528409e+00
4.913060021400451838e+00
4.919121170043945668e+00
4.746207094192504528e+00
4.577780652046203436e+00
4.537724447250366389e+00
4.533940935134888051e+00
4.539919877052307484e+00
