1.296593472361564636e+00
1.177692329883575528e+00
2.670246419310569941e+00
1.460343641042709306e+00
1.021902593970298811e+00
9.223291754722595659e-01
8.301868289709091187e-01
7.571921437978744729e-01
6.865102022886275801e-01
6.178330689668655173e-01
5.237924978137016296e-01
4.676954150199890137e-01
3.956981584429740684e-01
3.539639383554458729e-01
2.716751597821712716e-01
2.031787618994712885e-01
1.229687143117189352e-01
8.050640542060136240e-02
1.787383398041129251e-02
9.417871646583080014e-02
-4.793277792632579665e-02
6.312903767451644166e-01
2.151994737982749761e+00
8.115900963544845359e-01
6.827878057956695557e-01
5.973990932106971741e-01
5.542790561914443526e-01
5.164403319358825684e-01
4.625247508287430032e-01
3.959221422672271617e-01
3.349794559180736542e-01
4.197940599173307641e-01
3.379357472062111123e-01
2.335242052562534754e-01
2.094949766993522700e-01
1.160553791560232639e-01
5.372803742066025595e-02
-7.894217781722546318e-03
9.259090162813662928e-02
6.918329540640115460e-02
2.597942329943180306e-01
7.176626166328788081e-02
-1.242683138698339428e-02
-3.008289821445941925e-02
-9.491829685866833011e-02
7.339740674942732412e-02
-3.317794967442751208e-02
-1.727531988173723332e-01
-1.698814895004034098e-01
-2.229343261569738475e-03
-3.268942218273877820e-02
-1.208081096410751299e-03
-3.269916400313377380e-03
-6.772359833121299744e-03
-1.638317995704710595e-01
4.056311152875423653e-01
5.879872173070908037e-01
3.948584556579589622e-01
2.375010512769222260e-01
4.478241931647062440e-02
1.278198305517435143e-02
-8.518595043569802960e-02
-1.050805797800421770e-01
-5.870061125606298308e-02
-2.102701513096690289e-01
1.734657434746623150e-01
4.624782081693410984e-01
1.456924860365688690e-01
-1.829461138695478301e-02
-8.148563206195831576e-02
9.644276835024356842e-01
6.714992910623550637e-01
4.512858241796493530e-01
2.260102532804012243e-01
1.018392750993371010e-01
5.939692072570323944e-02
7.046874411404132621e-01
5.989009752869606240e-01
3.923445500433445088e-01
1.794230001978576183e-01
-1.970389727503061433e-02
-1.880541097372770420e-01
-8.385084010660648693e-03
4.114796314388513565e-01
4.188948273658752441e-01
1.809057576581835636e-01
1.353569626808166435e-02
-1.177062718197703362e-01
-1.395609980449080412e-01
-1.181932393461465891e-01
1.068780401721596690e-01
6.990885293111205323e-01
9.102302408218383434e+00
9.421440076828002219e+00
9.437265634536743164e+00
9.387996864318846946e+00
9.234404754638671164e+00
9.089151239395141246e+00
9.773602437973021750e+00
9.733013486862182262e+00
9.525846099853515270e+00
1.989307475090026811e+00
5.780497983098029646e-01
4.529369011521339194e-01
3.897828891873359458e-01
3.244074203073978313e-01
2.670603081583976524e-01
2.039461217820644490e-01
2.881529467180371507e-01
3.540160529315471427e-01
2.887500992044806369e-01
3.252589665353298187e-01
9.190345183014869690e-02
5.079615160822867903e-01
2.488623000681400299e-01
2.580053191632032325e-02
4.861295701935887115e-01
6.816506250575185000e+00
1.923717364668846019e-01
4.711677879095077168e-03
3.642644174396991730e-01
2.541750404983759148e-01
4.919047225266694884e-02
-5.639399131760001321e-02
-3.019783822819590430e-02
3.854034781455993874e-01
2.508596805855631828e-01
2.761177921667695156e-01
1.157266765832900973e-01
-1.184158064424991642e-02
9.938938364386558089e-01
7.663920015096664651e-01
6.313669294118881004e-01
5.248833075165748596e-01
4.149544231593608745e-01
3.412432961165904888e-01
2.890050165355205758e-01
1.811092272400856018e-01
6.292083486914634705e-01
4.975166469812393188e-01
3.656180523335933463e-01
1.461960247717797867e-01
2.302109064534306471e-01
1.807200052775442545e-01
1.896431091241538580e-01
9.123209631070494652e-02
2.773800019174814113e-01
9.252356505021452904e-02
5.866148352622986284e-01
9.846528872847557512e-01
8.257817059755325761e-01
4.476119704544544442e-01
7.381293065845966062e-02
6.784029006958007812e-01
3.056159297004342190e-01
-5.237339343875646418e-03
1.885047783143818378e-01
3.431196357123553753e-01
1.676897259429097065e-01
2.664351472631096979e-02
-7.773492652922868451e-02
4.677838124334812026e-02
1.703612016513943728e-01
-3.072299445047974725e-02
3.918058684095740429e-01
9.365932792425155640e-01
7.540807574987411499e-01
6.434217423200607744e-01
5.402600660920142683e-01
4.239710345864295959e-01
2.761264935135841481e-01
1.014478308148682173e-01
3.933727120980620162e-01
3.887905966490506904e-01
8.852084754034876546e-02
1.050969533622264918e-01
7.054950240999460775e-02
1.713850935921072960e-01
3.712742552161216736e-01
1.031324881687760264e+00
1.011023153364658311e+00
2.409938316792249735e-01
-7.344324141740798950e-02
5.555654004216193931e-01
4.622369647026062234e-01
3.017556816339492798e-01
4.190139714628458162e-02
-6.094278916716575761e-02
3.412476815283298215e-02
-1.463269114494323841e-01
-8.080752845853567817e-03
2.434735916554927881e-01
3.213554762303829082e-01
7.609129427000879686e-02
1.178855709731578896e-02
-2.448440082371234894e-01
5.287025937810539977e-01
5.756311058998108132e-01
4.901727437973022461e-01
3.647612862288951985e-01
2.059728336520492975e-01
2.511859945952892373e-02
-6.567636597901582718e-02
-1.015730518847703934e-01
-1.574019766412675381e-01
3.658777378499508126e-01
2.315134784206747953e-01
-2.338325558230280876e-02
-1.704591402783989795e-01
-1.331243591383099445e-01
6.334235411137342231e-01
9.051470905542373657e-01
5.757043346762656943e-01
4.566480726003646629e-01
3.535291299223899952e-01
2.571842454373836628e-01
1.479274948127567713e-01
1.674170908518135548e-01
-1.647776737809181257e-03
-1.135063582099974100e-01
-1.435069140046834890e-01
-4.250679891556501111e-02
-1.801588326692581121e-01
1.594196243211626896e-01
6.693366706371307595e-01
4.222447864711284526e-01
9.904234725981950205e-02
-4.062846794724464528e-01
4.820019155740738054e-02
-1.210610447451472282e-01
7.267273661494255244e+00
9.162857818603516336e+00
1.033621330261230398e+01
3.685909497737884344e+00
9.929215162992477417e-01
8.430090039968490823e-01
7.878696709871292336e-01
7.411082059144973311e-01
6.851835757493972556e-01
6.025416046380996926e-01
5.130446642637253030e-01
4.085978940129280090e-01
5.869564160704612288e-01
4.919716030359267966e-01
3.917075946927070507e-01
2.930335000157356373e-01
2.070771474391222000e-01
1.209389435127377482e-01
9.342349907383322438e-02
7.095909090712666789e-02
1.728060510009527262e-01
1.843069517984986250e-01
3.354424554854631285e-02
4.062507599592209140e-02
1.181211597286164761e-01
2.232148435898125283e-01
1.177777031436562510e-01
3.563533943146467431e-01
4.439308767206966988e-01
5.066043272614478843e-01
2.721662607043981441e-01
1.188550643622875158e-01
1.645724476315081064e-01
5.299511980265379091e-02
8.019529096782208183e-03
2.318595800548791941e-01
8.147126808762550354e-02
-1.606160013005137333e-01
-5.498702302575111250e-02
3.384017288684845193e-01
2.588585399091243855e-01
1.431991599500179180e-01
3.413830826990306155e-01
2.090638179332017788e-01
1.928368712775409277e-01
9.867700383067130598e-01
7.352531135082245317e-01
6.337447166442871094e-01
3.588750496506690757e-01
5.047335512936115126e-02
-5.569075392559171001e-02
-8.987183049321174899e-02
2.126077242195606176e-01
5.100746201351284703e-02
-1.688787940889596995e-01
2.445017447695136126e-01
2.839750669896602409e-01
1.069507719017565306e-01
5.876371553167700906e-02
4.066699393093585746e-01
1.543467994779348373e-01
-8.485446069389582235e-02
2.948091939091682656e-01
9.071516007184982078e-01
6.255493968725204246e-01
5.116079196333884749e-01
3.503806129097938316e-01
1.461587497964501325e-01
-1.468576839193701800e-01
3.155066132545470969e-01
1.902584796771407127e-01
9.210054744035005292e-02
5.127014145255088806e-01
2.129046345129609052e-01
4.396385038271546364e-01
6.295194536447524802e-01
5.075389057397842185e-01
4.118360668420791848e-01
3.206987828016281128e-01
1.744686048477888107e-01
4.199929158203303814e-01
4.328297078609466553e-01
2.589907795190811157e-01
1.881144683808088358e-01
2.304404610767960687e-02
1.954872157424688284e-01
4.579881012439727672e-01
3.680519282817840687e-01
2.830456368625163810e-01
1.460375090129673592e-01
-8.996655326336621891e-03
-2.236300410702824482e-01
-2.509430196136236413e-01
1.130700799822807356e+00
2.007173526287078680e+00
1.589273142814636275e+00
8.930690079927444680e-01
7.840185701847076638e-01
7.320283174514770064e-01
6.810624748468399048e-01
6.327014058828354104e-01
5.886176675558090210e-01
5.454988688230514304e-01
4.991555720567703025e-01
4.573429033160209545e-01
4.046479612588882446e-01
3.337331406772136577e-01
2.460986223071813528e-01
2.342676237225532476e-01
1.326982147991657146e-01
-2.667414853349327902e-02
-5.579489413648843626e-02
-2.668498672544956096e-01
3.671428952366113663e-01
5.043844282627105713e-01
3.299473583698272483e-01
1.471334474161267170e-01
2.101044405251741298e-01
3.827978521585464478e-01
3.137361198663711770e-01
2.152333043515682331e-01
8.101834580302239019e-02
-1.630283597856760081e-01
-1.173821991309523527e-01
1.045498494990169946e-01
-9.786412855610251982e-02
1.651185994967818149e-01
1.385053348541259721e+00
6.245849117636680381e-01
4.926901936531066784e-01
4.374590575695037620e-01
4.124272614717483521e-01
3.646720126271247864e-01
3.251606740057468303e-01
2.764196395874023438e-01
2.614085376262664795e-01
2.403639663010835592e-01
2.087248655036091916e-01
1.836770953610539492e-01
1.005269680172204971e-01
3.418079689145088473e-02
3.466654475778341293e-02
8.844139613211154938e-02
1.283573973923921550e-02
1.779547719284892138e-01
3.496351577341556827e-02
-9.998480211943387708e-02
-1.149152489379048347e-01
-6.790255270898341855e-02
-9.737960807979107597e-03
-1.583931680768728145e-01
-2.950822927057742961e-01
2.176275608129799310e-01
6.794551452621817866e-02
-9.287118744105100909e-02
2.921583347022533306e-01
2.049927651882171575e-01
7.026317585259675425e-02
-1.891948239877820070e-01
7.118680991232395616e-01
7.388262078166007996e-01
5.008320435881614685e-01
4.111730635166168102e-01
3.393480911850929038e-01
2.411262858659029007e-01
1.602529441006481647e-01
1.768772614188492409e-01
4.613592414185404555e-01
4.784802183508872764e-01
2.648446841165423282e-01
6.297122687101364136e-01
4.463095188140869252e-01
3.364163592457771190e-01
2.190662033855915181e-01
-3.508353047072887421e-02
9.633929915726184567e-02
-1.758721470832824707e-02
-1.617575434967875592e-01
9.152264367789030297e-01
5.772526159882545027e-01
4.792267173528671487e-01
3.882486373186111450e-01
3.037843361496925243e-01
2.159466985613107681e-01
1.113114983774721595e-01
7.940444117411971092e-02
4.007545439526438713e-02
6.584350857883692135e-03
-7.694095559418201447e-02
-2.122250615619122871e-01
3.578114956617355347e-01
2.552363291382789834e-01
1.097053233534097672e-01
-1.425818149000406335e-02
4.094156784005463234e-01
1.067293423414230391e+00
6.272029459476471391e-01
5.383982643485069053e-01
4.719455137848854176e-01
4.081998601555824058e-01
3.435416854918003082e-01
2.708646364510059468e-01
1.885501757264137213e-01
1.564940126612782423e-01
1.536222614347934612e-01
1.011315204203128842e-01
-5.202507562935352464e-02
3.855267837643623630e-02
1.630242239683866445e-01
1.406596712768077781e-02
-1.612127538770437296e-01
-3.637629605829715840e-01
-7.873559426516293924e-02
2.070859453640878090e-01
-6.704939464107155522e-02
-2.411680348217487280e-01
2.070120468735694996e-01
1.953028678894042969e+00
1.042125970125198364e+00
8.373580902814865556e-01
7.689652353525161521e-01
7.080151915550232378e-01
6.538503080606460349e-01
5.957890003919601440e-01
5.332362845540046248e-01
4.676228806376457325e-01
3.862953647971153481e-01
2.483552863821387180e-01
3.687126981094479561e-02
1.531236085109412559e-01
4.134797841310501321e-01
2.423526512458920590e-01
1.021128605492413133e+00
6.460952430963515791e-01
5.348624303936958535e-01
3.108529143035411724e-01
3.367575798183679303e-02
-5.813746638596058169e-02
-1.971426218748092707e-01
1.110651322267949492e+00
8.889440536499023660e-01
7.650980830192566362e-01
6.600897252559662087e-01
5.282584279775619507e-01
3.408212788403034432e-01
-1.293763164430856635e-02
-2.004043161869049072e-01
4.271596521139144897e-01
4.150330215692520364e-01
2.446297705173492432e-01
2.308345589786768015e-01
4.734591646119952479e-02
-4.375240867957472940e-02
4.205399379134178335e-03
3.939962459728121869e-01
8.957099080085754172e-01
8.484213173389434370e-01
8.095831274986267090e-01
7.702004551887512429e-01
7.319221079349518266e-01
6.915285587310791016e-01
6.405602186918258889e-01
5.685443580150604248e-01
4.485490903258323447e-01
3.336281843483447918e-01
8.673826918005943520e-01
6.510989457368850930e-01
5.442738130688666853e-01
4.167495697736740001e-01
2.578061506152152793e-01
1.639616074971854687e-01
2.719018876552581898e-01
9.635023633018136024e-02
4.205980886705219524e-01
8.690142810344696489e-01
6.849835485219955000e-01
5.869751721620559692e-01
4.952650189399719349e-01
4.135388448834419473e-01
3.245000965893268807e-01
2.482500441372394451e-01
1.266808614134788402e-01
5.316354129463433942e-02
-3.767454987391829352e-02
-3.167151361703872403e-02
-7.457143804058433134e-02
-2.433658530935645103e-01
-1.701506990939378669e-02
-9.150751270353793543e-02
-2.067210188135504834e-01
-1.536106253042817116e-01
-8.701828466728329936e-02
-1.971116051077842768e-01
-9.897409919649362287e-02
2.299954401329159792e-01
2.551155537366867065e-02
-2.144145272672176306e-01
-1.303143812343478258e-01
3.802673764526843803e-01
4.152532160282135232e-01
6.054603099822998269e-01
5.767691284418106079e-01
4.716263279318809731e-01
3.813175216317176708e-01
2.561579104885459035e+00
4.229409471154212952e-01
3.192745968699455261e-01
2.109387643635272924e-01
3.128144601359963278e-02
-1.860488615930080414e-01
9.872315809130668418e-01
9.216830611228943315e-01
5.297068417072295921e-01
3.017857193946838490e-01
1.378284550271928199e-01
4.265143945813178877e-02
3.623203223105520010e+00
9.544549274444580789e+00
8.322475767135619762e+00
2.151227098703384577e+00
1.163521039485931441e+00
7.265321701765060647e-01
5.154436543583870156e-01
4.204230546951294167e-01
3.294265314936637989e-01
3.109251268208026997e-01
6.161115158349275145e-01
7.888627499341964722e-01
6.723182946443557739e-01
5.751758038997649702e-01
4.645291760563850514e-01
2.570881450548768155e-01
-1.684608724899590015e-01
-1.103238424286246272e-01
-3.412604650482535251e-01
9.443770866096020455e+00
9.607821464538574219e+00
9.615459060668944957e+00
9.552059841156005149e+00
9.508834218978881481e+00
9.451713228225708363e+00
9.388613939285278320e+00
9.359368324279785156e+00
9.317489194869995828e+00
9.267804098129271750e+00
9.229296112060547230e+00
9.227948284149169567e+00
9.207549428939818981e+00
9.215780830383300426e+00
9.149695777893066762e+00
9.115769672393799539e+00
9.119770526885986328e+00
9.075711965560913086e+00
4.274062258005142390e+00
1.452754086256027310e+00
1.186983036994934126e+00
1.065417110919952393e+00
1.028988230228424117e+00
1.003623840212821916e+00
9.779112935066223145e-01
9.457087010145187600e-01
9.109870970249176469e-01
8.691694796085357444e-01
8.240007191896439043e-01
7.727147996425628440e-01
7.140927404165268166e-01
6.415478408336638960e-01
5.695262268185615762e-01
5.945825859904289024e-01
5.301296100020408408e-01
3.854024261236190796e-01
3.839597009122371896e-01
9.944754568859934252e-02
1.947753260843455847e-01
2.218014956451952457e-01
5.102881997823714988e-01
2.879322674125432968e-01
6.357256853953004161e-02
-1.872698590159416199e-01
1.913003316149115562e-01
9.192947104573250261e-01
8.275209307670593484e-01
6.554268568754195723e-01
5.234857335686683433e-01
4.164942480623722298e-01
4.890370681881904824e-01
8.542509883642196433e-01
8.559786230325698853e-01
7.855838567018509355e-01
7.333064436912536399e-01
6.902628391981124878e-01
6.435150742530822976e-01
5.908275157213210838e-01
5.248245984315872414e-01
4.427230909466743358e-01
3.436088167130947335e-01
3.033342611044645420e-01
2.393655478954315186e+00
2.844679397344589411e+00
1.104798156023025557e+00
1.038752964138984769e+00
1.028981482982635587e+00
1.018187743425369218e+00
1.008148068189620883e+00
9.990287274122238159e-01
9.904278874397277610e-01
9.829946935176849809e-01
9.718474179506302324e-01
9.606096833944320901e-01
9.455614775419235452e-01
9.407515197992324385e-01
9.201099187135696189e-01
9.000586330890655296e-01
8.671026080846786499e-01
8.258891820907592329e-01
8.018450438976287842e-01
7.794943571090697798e-01
7.399687558412552102e-01
7.120839625596999678e-01
6.639235496520996538e-01
5.952951043844223467e-01
5.036156430840492693e-01
3.991958111524581687e-01
3.678148724138736725e-01
3.444382578134536632e-01
2.964813850820064434e-01
1.574545066803693660e-01
1.330500259995460455e-01
1.177442188374698134e-01
6.197444051504134854e-02
-5.680499598383903503e-04
-6.148312026634812633e-02
-9.083844404667615335e-02
-1.133697198703885051e-01
-1.089072485454380540e-01
-2.012237459421157837e-01
-2.312223417684435844e-01
4.128971807658672610e-02
1.322372407652437631e-01
3.941049933433532493e-01
2.962290365248918533e-01
7.672360818833112890e-03
3.290054373443126456e-01
6.322682321071624312e-01
4.576947823166847007e-01
2.771772444248199463e-01
7.894953526556492546e-03
-1.168289912864565877e-01
5.709206229075789590e-02
-1.083144262433052007e-01
7.693645827472209708e-01
6.082964241504669189e-01
4.902779206633567921e-01
3.435905627906322701e-01
1.695950349792837986e-01
-1.003347616642713547e-02
1.810453692451119423e-01
1.788201715797185787e-01
5.246541913598775642e-01
6.567442581057548745e-01
4.580479130148887856e-01
2.972309462726115958e-01
7.716193478554486673e-02
-1.358820590190589483e-01
-1.646566243842244037e-01
-7.722948491573333740e-02
1.917931336909532436e-01
1.119220784865319757e-01
6.708413427695631981e-01
2.168624955415725530e+00
1.379971307516097978e+00
9.843720138072967751e-01
7.648558288812636885e-01
9.333879053592681885e-01
8.207572400569915771e-01
5.689930208027362823e-01
2.528868030756711849e-01
2.983579998835921288e-01
8.583150416612624900e-01
9.795115340501070467e-01
1.204289722442626998e+00
1.149497634172439664e+00
1.006649810075759932e+00
8.949510544538498147e-01
8.030910819768906084e-01
7.128822803497314453e-01
6.011162012815475242e-01
4.015203837305307277e-01
2.700510103255510108e-01
1.863453909754753113e-01
2.531882029026746861e-01
9.175220206379890164e-02
1.448645272105932191e+00
1.309582400321960494e+00
1.105255085229873702e+00
1.039582577347755388e+00
1.014172592759132296e+00
9.966845840215683427e-01
9.798214942216872947e-01
9.613465458154678567e-01
9.348590344190597090e-01
8.937681764364242554e-01
8.426325142383574995e-01
7.811289787292480247e-01
7.181619882583618608e-01
6.568954259157180342e-01
5.886136874556541221e-01
5.395628675818443520e-01
5.068121626973152161e-01
5.715564832091331038e-01
5.194942191243171470e-01
4.447011455893516430e-01
4.203986905515194050e-01
5.709563594311475310e-01
8.589335978031158447e-01
8.116184055805206743e-01
7.528496980667114258e-01
7.020205199718475564e-01
6.539140731096267922e-01
6.024677455425262451e-01
5.386025056242942366e-01
4.623819902539253457e-01
3.849133044481277688e-01
2.916233550757169612e-01
3.361110014840960614e-01
4.277346593141555964e+00
9.725511932373047230e+00
9.696535634994507546e+00
9.668626546859741211e+00
9.643282079696655629e+00
9.614782857894898171e+00
9.582058238983155007e+00
9.544422626495361328e+00
9.501807117462158558e+00
9.448654031753539684e+00
9.398725366592406871e+00
9.354668140411376953e+00
9.327290296554565430e+00
9.289656686782837625e+00
9.235109519958495383e+00
9.201458072662353160e+00
9.141097497940062766e+00
9.112199068069458008e+00
9.096122503280639648e+00
9.107702636718750355e+00
9.184713363647460938e+00
9.084368610382080433e+00
9.071626234054566140e+00
9.262956094741820579e+00
9.321665620803832653e+00
9.230176019668579812e+00
9.181646633148194070e+00
9.687423086166381481e+00
9.669751310348511097e+00
9.653016853332520242e+00
9.625517654418946023e+00
9.593969154357910867e+00
9.558373928070068359e+00
9.515501642227173207e+00
9.460756826400757546e+00
9.386006164550781961e+00
9.273831129074096680e+00
9.065155982971191406e+00
9.333634328842162375e+00
9.609983301162719371e+00
9.527072763442992809e+00
9.494601869583130238e+00
9.453946971893310902e+00
9.398146677017212625e+00
9.340541505813598988e+00
9.239608144760131481e+00
9.119625377655030007e+00
9.191283226013183594e+00
9.581320571899414773e+00
9.618716669082640891e+00
9.560088109970092063e+00
9.492950201034545898e+00
9.428908824920654297e+00
9.353424739837645774e+00
9.234784221649169567e+00
9.066055631637572887e+00
9.375349378585815074e+00
9.584752511978148704e+00
9.576403522491455433e+00
9.535629320144654031e+00
9.489195919036864879e+00
9.434170293807984109e+00
9.365893840789794922e+00
9.272622203826903942e+00
9.126574277877807617e+00
9.201417398452758079e+00
4.085369724035262884e+00
1.189855885505676225e+00
9.940115213394165039e-01
9.540023475885390791e-01
9.199500054121017012e-01
8.812966525554657427e-01
8.371146559715271218e-01
8.001071721315383689e-01
7.676064401865005937e-01
7.331632614135742410e-01
6.953317731618881004e-01
6.527161151170730591e-01
6.061834186315536721e-01
5.505602627992629561e-01
4.892457678914070018e-01
4.187887519598006980e-01
3.604520492255687825e-01
3.122394017875194661e-01
2.629999909549951553e-01
2.035811150446534268e-01
1.689557939767837580e-01
1.143169060349464444e-01
7.154207136482000629e-02
-4.216477507725358009e-02
-1.080008341930806665e-01
4.797471471130848042e-01
3.660087943077087180e-01
2.062973082065582275e-01
2.988616283982991999e-03
-2.287669042125344276e-01
-4.106215201318264008e-03
6.446771342307329178e-01
2.587371941655874363e-01
5.860407669097185412e-02
-1.058257037773728398e-01
-4.071432429365813843e-01
5.561051009222864883e-01
1.287363165616989047e+00
8.191587299108504805e-01
5.264164060354232788e-01
3.988419920206069946e-01
3.732252068817615287e-01
4.371455259621143119e-01
4.244920402765274270e-01
4.900052323937416077e-01
3.316849112510681374e-01
1.891728585585951694e-01
8.067325529456137900e+00
9.368404102325438743e+00
9.527777814865112660e+00
9.516168546676635032e+00
9.427109098434447887e+00
9.289342737197875621e+00
9.218743944168091176e+00
9.175353479385375266e+00
9.446326351165771129e+00
9.404341220855712891e+00
9.242581272125244496e+00
9.107758283615112305e+00
9.539564704895019176e+00
9.581140661239624379e+00
9.545662975311278942e+00
9.494907903671265359e+00
9.421028852462768555e+00
9.301973438262939098e+00
9.040060567855835671e+00
9.464429950714110973e+00
9.514041709899903054e+00
9.466120815277099254e+00
9.397187566757201793e+00
9.287876176834107156e+00
9.075014686584472301e+00
6.708702677488327382e+00
1.267832678556442216e+00
1.034131503105163663e+00
1.013374286890029952e+00
9.928056925535202470e-01
9.760516345500945823e-01
9.598851829767227617e-01
9.440685451030731423e-01
9.276084303855895996e-01
9.089231044054031372e-01
8.900904238224029985e-01
8.703367650508880837e-01
8.488649159669876543e-01
8.252017289400100930e-01
7.903201848268508467e-01
7.371637523174285889e-01
6.298436105251312700e-01
5.032728180289268716e-01
3.426663503050804138e-01
2.405713219195604324e-01
1.482545025646686554e-01
3.961752181500196368e+00
9.450098037719726562e+00
9.326676034927368519e+00
9.231745243072509766e+00
9.233262586593628640e+00
9.519813585281372781e+00
9.499348592758178000e+00
9.323239946365356801e+00
9.213314771652221680e+00
9.457905626296996715e+00
9.279783344268798473e+00
9.259078216552733664e+00
9.137393045425415750e+00
9.194788646697997336e+00
9.626308012008667703e+00
9.561110496520996094e+00
9.447432470321654563e+00
9.112534046173095703e+00
7.624004340171813610e+00
1.114269119501113847e+00
1.053010931611061185e+00
9.954480141401290672e-01
9.567504018545150979e-01
9.212394475936889204e-01
8.888960331678390503e-01
8.519815415143966453e-01
8.106953084468841997e-01
7.622165471315384133e-01
7.095741599798202071e-01
6.493982642889022383e-01
5.780175179243087769e-01
4.861195534467697144e-01
3.831275284290313610e-01
2.983104862272739632e-01
2.387857191264629309e-01
2.268397107720375172e-01
6.073689628392457684e-02
1.272487886995077089e+00
6.668030500411987749e-01
5.155954048037528770e-01
3.258811540901661030e-01
-1.648691352456808229e-02
4.366400577127933780e-02
1.580351840704679600e-01
-7.628256194293499270e-02
2.890924999490380176e-01
1.583697278797626451e+00
1.197871994972228959e+00
9.863188475370406882e-01
9.173775613307952881e-01
8.492265731096267922e-01
7.641048848628997359e-01
6.739481508731841597e-01
5.873091876506805198e-01
5.159096390008925948e-01
4.334115847945213540e-01
3.227204777300357597e-01
5.618551842868327872e-01
8.766961485147476418e-01
8.062615424394607988e-01
7.168273866176605447e-01
6.404567837715149370e-01
5.623028934001922385e-01
4.740703433752059826e-01
3.621284320950508007e-01
2.804584555327892526e-01
2.939942225813865773e-01
2.142109004780650139e-01
3.330466987565159909e-01
5.610617071390151533e-01
5.513264834880828857e-01
4.712793767452240212e-01
3.792538464069366566e-01
2.602525256574154122e-01
1.840276338160037883e-01
9.391785152256489078e-02
2.380183139815926496e-01
1.564469015970826105e+00
1.026307997107505754e+00
9.119591504335403664e-01
8.500035077333449873e-01
8.135439366102218406e-01
7.785687297582626343e-01
7.450175642967223899e-01
7.112721115350723045e-01
6.746236771345138772e-01
6.310546338558197244e-01
5.750036865472794023e-01
5.120424807071686235e-01
4.593818813562393077e-01
4.297846212983131298e-01
3.704675838351249584e-01
3.174946986138820759e-01
2.463813126087188721e-01
1.550714831799268612e-01
5.119779454544186315e-02
-2.293720711022615572e-02
-6.285373251885176260e-02
-1.367574076168239228e-01
-1.504936343058943804e-01
-2.994260307401418464e-01
5.416653342545032362e-02
1.701452126726508141e-01
2.130674660205841064e+00
1.215144309401512190e+00
7.498683303594588789e-01
5.717534855008125083e-01
8.181573867797851118e-01
7.799297869205474854e-01
6.022258475422859192e-01
9.297258749604224715e-01
9.744682192802429643e-01
9.169681221246719360e-01
8.609216213226318359e-01
7.955452650785446167e-01
7.156487673521041426e-01
6.059101760387420876e-01
4.038699313998222462e-01
1.301507452223449990e+00
1.602222287654876620e+00
8.129204899072647317e-01
1.385262557864189059e+00
1.242611414194107144e+00
1.071392691135406583e+00
1.754726850986480624e+00
1.043353003263473466e+00
1.011298376321792647e+00
9.643210172653198242e-01
8.857814729213714378e-01
6.872054010629653487e-01
3.745622888207435497e-01
9.681640237569808516e-01
9.209492295980453713e-01
8.082358032464981301e-01
6.515826642513274924e-01
3.915024235844611900e-01
8.743019523099064827e-01
1.485744988918304532e+00
1.558701580762863248e+00
1.518475705385208041e+00
1.416531550884246871e+00
1.334595346450805575e+00
1.269195044040679843e+00
1.212531810998916715e+00
1.161381965875625699e+00
1.113387984037399248e+00
1.069555485248565585e+00
1.028468334674835116e+00
9.874900519847870095e-01
9.445584267377853394e-01
9.009184122085571733e-01
8.469719260931014571e-01
7.830907404422760010e-01
7.087696343660354614e-01
6.294634759426116499e-01
5.993918851017951965e-01
5.989599272608756575e-01
5.898852646350860596e-01
5.523291811347007529e-01
6.127598211169242859e-01
5.679437771439552751e-01
5.271430239081382751e-01
6.184864431619644387e-01
5.540709972381592241e-01
4.149583868682384380e-01
5.376547008752823320e-01
6.341639071702956931e-01
5.424408316612243652e-01
4.350340798497199790e-01
1.038751217722892806e+00
1.811893761157989502e+00
1.475482183694839522e+00
1.333177918195724398e+00
1.269190740585327104e+00
1.232184386253357022e+00
1.209717977046966597e+00
1.194047480821609497e+00
1.182047206163406416e+00
1.171089774370193570e+00
1.160215783119201705e+00
1.147763133049011230e+00
1.134744238853454545e+00
1.117838090658187955e+00
1.095809626579284712e+00
1.072882580757141158e+00
1.052086830139160156e+00
1.032028800249099820e+00
1.011106267571449280e+00
9.875270664691925271e-01
9.624085724353790283e-01
9.330030381679534912e-01
2.616412574052810580e+00
1.846155290603637766e+01
1.846175727844238423e+01
1.846195945739746236e+01
1.846210794448852610e+01
1.846220226287841726e+01
1.846212873458862447e+01
1.846183223724365163e+01
1.845995111465454031e+01
1.845950164794921733e+01
1.845954160690307688e+01
1.845969867706298828e+01
1.845987024307250834e+01
1.846011400222778320e+01
1.845989761352539205e+01
1.845973443984985352e+01
1.845975370407104421e+01
1.845980892181396626e+01
1.845993747711181499e+01
1.846002054214477539e+01
1.846015233993530202e+01
1.846032123565673899e+01
1.846036624908447266e+01
1.846048574447631907e+01
1.846065711975097656e+01
1.846057491302490305e+01
1.846068992614745952e+01
1.846060380935669087e+01
1.846077413558959890e+01
1.846084690093994141e+01
1.846071577072143555e+01
1.846033220291137766e+01
1.845985364913940430e+01
1.845974893569946218e+01
1.845974941253662038e+01
1.845932703018188548e+01
1.845914287567138601e+01
1.845906190872192454e+01
1.845896329879760600e+01
1.845895195007324219e+01
1.844780998229980540e+01
1.845910167694091797e+01
1.845913162231445170e+01
1.845902214050293111e+01
1.845887641906738352e+01
1.845891427993774414e+01
1.845904760360717844e+01
1.845898942947387766e+01
1.845902671813964702e+01
1.845905952453613352e+01
1.845909080505371236e+01
1.845918617248535298e+01
1.845918550491332866e+01
1.845916662216186666e+01
1.845921716690063619e+01
1.845915775299072337e+01
1.845888233184814453e+01
1.845853481292724751e+01
1.845816926956176829e+01
1.845782299041747976e+01
1.845765781402587891e+01
1.845763082504272390e+01
1.845767679214477397e+01
1.845755043029785014e+01
1.845748033523559428e+01
1.845753536224365376e+01
1.845753335952758789e+01
1.845709190368652486e+01
1.845682411193847727e+01
1.845663175582885884e+01
1.845635185241699361e+01
1.845616102218627930e+01
1.845603866577148366e+01
1.845600881576537944e+01
1.845596885681152344e+01
1.845589542388916016e+01
1.845576944351196147e+01
1.845552215576172017e+01
1.845552768707275249e+01
1.845554790496826314e+01
1.845543222427368235e+01
1.845536403656005930e+01
1.845537910461425923e+01
1.845544147491455078e+01
1.845550003051757670e+01
1.845546493530273580e+01
1.845545282363891459e+01
1.845532789230346538e+01
1.845525703430175923e+01
1.845525608062744283e+01
1.845533323287963867e+01
1.845509700775146555e+01
1.845483522415161204e+01
1.845452661514282156e+01
1.845449371337890554e+01
1.845454864501953196e+01
1.845446300506591797e+01
1.845440073013305593e+01
1.845443077087402273e+01
1.845445661544799876e+01
1.845445127487182546e+01
1.845453262329101562e+01
1.845451393127441264e+01
1.845451745986938619e+01
1.845457782745361186e+01
1.845443191528320170e+01
1.845432357788086009e+01
1.845424194335937429e+01
1.845433435440063619e+01
1.845423097610473562e+01
1.845418710708618093e+01
1.845412492752075195e+01
1.845412673950195170e+01
1.762999515533447337e+01
8.314279526472091675e+00
2.123852205276489435e+00
2.022880655527115046e+00
1.880643981695175215e+00
1.739707964658737227e+00
1.582414346933364913e+00
1.367071920633315951e+00
1.142625081539154097e+00
9.669055670499802080e-01
9.295563757419585960e-01
8.927175283432007280e-01
8.419518679380416648e-01
8.000901073217392412e-01
7.676890224218368974e-01
7.183576941490172896e-01
6.364575028419494629e-01
5.938965469598770364e-01
5.737149640917778015e-01
5.320279628038406816e-01
5.058893769979476707e-01
4.904058486223220603e-01
4.777237921953201294e-01
4.317227110266685375e-01
3.891816541552543529e-01
3.585160434246063010e-01
3.416498839855194314e-01
3.351739801466465107e-01
3.325620949268340842e-01
2.988745026290416940e-01
2.845729818567633851e-01
2.533847760409116967e-01
3.414714872837066872e-01
2.635378345847129711e-01
2.066538320854306165e-01
1.928179075010120758e-01
1.564069723710417859e-01
2.024172220379114040e-01
2.501345038414001243e-01
4.406003420241176860e-01
3.687642458826303482e-01
1.143217323347926195e-01
3.623512551188469155e-01
4.744920819997787698e-01
3.709405399858951569e-01
2.727189786732197030e-01
1.591593184508383330e-01
-1.687088515609502792e-02
5.937283903360366377e-01
5.167801707983017412e-01
3.310122691094875558e-01
2.047551922500133459e-01
8.576981881633401195e-02
6.969822291284799576e-02
2.444887738674879005e-02
-4.454170204699039320e-02
4.068879932165146013e-02
3.064148965291678683e-01
1.991004685871303193e-01
1.016008865833282426e+00
9.454706460237503052e-01
7.039865493774414285e-01
1.361669573187828108e+00
1.262132304906845137e+00
1.152150756120681852e+00
1.033914172649383456e+00
8.819236457347869873e-01
6.194890767335892168e-01
3.421665869653224834e-01
8.309829644858837128e-01
1.085279428958892733e+00
9.450210064649582353e-01
6.781409770250320657e-01
4.557039663195610046e-01
3.088929411955178006e-01
5.407889083027839217e-01
4.015575252473354562e-01
8.541688192635774057e-02
8.815085489302874056e-01
9.289489984512329102e+00
9.266549539566039329e+00
9.246453619003295543e+00
9.212446832656860707e+00
9.195487499237060547e+00
9.177623987197875977e+00
9.170843791961669211e+00
9.206274366378783824e+00
9.186874151229858398e+00
9.227802324295044656e+00
9.190856790542602184e+00
9.192629909515380504e+00
9.139908552169799805e+00
9.114206933975220082e+00
9.119611358642577770e+00
9.095586252212523704e+00
9.165049505233763938e+00
9.945306444168091176e+00
9.998314142227172852e+00
9.971266174316406605e+00
9.933421564102172141e+00
9.890802192687988992e+00
9.842707014083861949e+00
9.787965917587280629e+00
9.721805429458617809e+00
9.635293436050414329e+00
9.510768604278563743e+00
9.312070989608765004e+00
9.143000555038451438e+00
9.117403078079224343e+00
9.080922365188598633e+00
9.397214889526367188e+00
9.327028894424438832e+00
9.130830383300780895e+00
9.127179956436156871e+00
9.320562267303467152e+00
9.175432300567626598e+00
9.554802131652831321e+00
9.838372325897216442e+00
9.808573055267334695e+00
9.746125841140747426e+00
9.667454624176025746e+00
9.567104578018188477e+00
9.434824037551880593e+00
9.292841291427611949e+00
9.170446014404296520e+00
9.088417577743530984e+00
9.108493614196778054e+00
9.214530420303344016e+00
9.284370613098143821e+00
9.309983539581299539e+00
9.251849269866943004e+00
1.020267190933227575e+01
1.033603458404541087e+01
1.031855940818786621e+01
1.029120678901672292e+01
1.026443328857421911e+01
1.023873414993286168e+01
1.021348476409912109e+01
1.018801774978637731e+01
1.016268687248230052e+01
1.014059538841247488e+01
1.012206845283508372e+01
1.010486283302307164e+01
1.008820319175720215e+01
1.007189178466796875e+01
1.005493931770324778e+01
1.003675503730773855e+01
1.001718440055847203e+01
9.995817089080810902e+00
9.972174787521362660e+00
9.945561122894286399e+00
9.914762496948242188e+00
9.878112840652466531e+00
9.832977724075316672e+00
9.773458385467529652e+00
9.684963130950928090e+00
9.516661262512206676e+00
9.284508085250854137e+00
9.606043386459351296e+00
9.610314798355101829e+00
9.489875316619873047e+00
9.349019432067871449e+00
9.265122890472412109e+00
9.213997697830199840e+00
9.169919633865356801e+00
9.149152946472167258e+00
9.421812391281127574e+00
9.329206323623656871e+00
9.193490695953368430e+00
9.969957828521728516e+00
9.958310508728027699e+00
9.922711324691771750e+00
9.887551498413085227e+00
9.851318836212158203e+00
9.810720920562744141e+00
9.764133453369140625e+00
9.708997678756713157e+00
9.641561841964721324e+00
9.554848194122314453e+00
9.438620233535766957e+00
9.309350633621216176e+00
9.217517185211182351e+00
9.156659317016600852e+00
9.131642389297486062e+00
9.159305095672607422e+00
9.170945930480957742e+00
9.285680580139160867e+00
9.078314590454102273e+00
9.780317354202271218e+00
9.900582981109618430e+00
9.890170526504515891e+00
9.857750272750854137e+00
9.818437099456787109e+00
9.772412061691284180e+00
9.719190359115600586e+00
9.653762149810791726e+00
9.568429565429687145e+00
9.454479742050171609e+00
9.313924074172973633e+00
9.213833856582642312e+00
9.230278253555297852e+00
9.224107551574707742e+00
9.170484495162963157e+00
9.990223646163940430e+00
1.846118812561035227e+01
1.846133098602295064e+01
1.846158218383789062e+01
1.846175060272216939e+01
1.846181287765502788e+01
1.846188955307006907e+01
1.846220941543579031e+01
1.846251258850097798e+01
1.846249303817749166e+01
1.846194305419921733e+01
1.846160364151000977e+01
1.846154136657714773e+01
1.846158323287964009e+01
1.846182451248169087e+01
1.846196260452270366e+01
1.846175861358642578e+01
1.846129112243652415e+01
1.846123800277710103e+01
1.846135931015014719e+01
1.846167984008788920e+01
1.846169195175171041e+01
1.846177806854247905e+01
1.846198749542236328e+01
1.846236295700073171e+01
1.846270389556884695e+01
1.846252946853637766e+01
1.846181402206421041e+01
1.846152572631836009e+01
1.846152496337890625e+01
1.846157665252685476e+01
1.846182422637939524e+01
1.846194343566894602e+01
1.846205921173095632e+01
1.846227264404296875e+01
1.846231422424316548e+01
1.846212282180785991e+01
1.846158914566040110e+01
1.846130676269531179e+01
1.846132354736328196e+01
1.846143922805786275e+01
1.846153478622436594e+01
1.846142168045043874e+01
1.846139659881591655e+01
1.846156949996948171e+01
1.846180067062378072e+01
1.846205453872680735e+01
1.846231470108032369e+01
1.846256847381591726e+01
1.846268930435180522e+01
1.846226549148559570e+01
1.846198568344116353e+01
1.846194877624511577e+01
1.846205263137817454e+01
1.846220808029174876e+01
1.846236448287963938e+01
1.846198520660400533e+01
1.846190233230590749e+01
1.846193141937255788e+01
1.846192064285278178e+01
1.846186695098877095e+01
1.846185455322265767e+01
1.846201829910278391e+01
1.846210889816284251e+01
1.846222333908081126e+01
1.846237783432006907e+01
1.846259098052978587e+01
1.846288223266601491e+01
1.846321249008178711e+01
1.846335630416870188e+01
1.846341800689697266e+01
1.846342411041259624e+01
1.846315250396728658e+01
1.846290655136108327e+01
1.846279458999633860e+01
1.846259231567382741e+01
1.846230306625366069e+01
1.846214637756347798e+01
1.846213970184326314e+01
1.846218461990356374e+01
1.846231231689453267e+01
1.846236190795898580e+01
1.846258010864257670e+01
1.846288099288940288e+01
1.846309118270874094e+01
1.846322050094604350e+01
1.846340942382812500e+01
1.846350803375243999e+01
1.846364011764526225e+01
1.846381692886352610e+01
1.846403388977050852e+01
1.846431550979614400e+01
1.846451854705810547e+01
1.846451311111450266e+01
1.846451787948608469e+01
1.846453647613525462e+01
1.846463203430175781e+01
1.846485176086425639e+01
1.846505489349365092e+01
1.846522016525268484e+01
1.846536188125610423e+01
1.846554584503173757e+01
1.846582422256469869e+01
1.846591911315918111e+01
1.846585426330566548e+01
1.846584415435791016e+01
1.846598911285400391e+01
1.846613540649413920e+01
1.846633682250976705e+01
1.846645584106445170e+01
1.846660308837890696e+01
1.846678524017334055e+01
1.846694746017455913e+01
1.846712875366210938e+01
1.846720952987670827e+01
1.846722192764282156e+01
1.846720046997070241e+01
1.846713380813598704e+01
1.846691360473632670e+01
1.846612081527710103e+01
1.846337337493896413e+01
1.846176576614379883e+01
1.846130466461181641e+01
1.846095113754272532e+01
1.846080665588378977e+01
1.846104917526245259e+01
1.846141185760497905e+01
1.846172428131103516e+01
1.846210727691650533e+01
1.846239576339721822e+01
1.846269378662109517e+01
1.846301965713501048e+01
1.846342134475708008e+01
1.846377925872802805e+01
1.846413364410400249e+01
1.846453113555908132e+01
1.846489067077636648e+01
1.846522083282470561e+01
1.846546735763549663e+01
1.846549644470214702e+01
1.846475667953491140e+01
1.846263523101806570e+01
1.846137742996215891e+01
1.846086187362670827e+01
1.846083278656005788e+01
1.846107578277587891e+01
1.846128330230713033e+01
1.846166315078735209e+01
1.846216268539428640e+01
1.846262063980102397e+01
1.846300859451293874e+01
1.846316289901733398e+01
1.846285381317138530e+01
1.846108407974243093e+01
1.846041059494018555e+01
1.846031217575073313e+01
1.846054334640502859e+01
1.846088590621948100e+01
1.846111984252929616e+01
1.846114759445190501e+01
1.846123266220092773e+01
1.846138267517089915e+01
1.846144762039184428e+01
1.846162157058715891e+01
1.846179904937743999e+01
1.846203479766845845e+01
1.846217145919799663e+01
1.846199607849121094e+01
1.846193532943725657e+01
1.846205444335937429e+01
1.846226387023925852e+01
1.846249847412109446e+01
1.846267471313476705e+01
1.846273174285888530e+01
1.846290054321288920e+01
1.846304931640624858e+01
1.846305818557739187e+01
1.846303796768188477e+01
1.846304140090942525e+01
1.846297388076782298e+01
1.846298379898071218e+01
1.846308383941650533e+01
1.846326980590820455e+01
1.846343841552734233e+01
1.846363391876220561e+01
1.846379432678222798e+01
1.846391935348510671e+01
1.846408615112304830e+01
1.846430025100708150e+01
1.846445140838623189e+01
1.846463432312011577e+01
1.846465950012207102e+01
1.846470355987548828e+01
1.846475610733032369e+01
1.846489925384521413e+01
1.846506843566894673e+01
1.846532144546508647e+01
1.846535720825195170e+01
1.846524724960327291e+01
1.846514072418212749e+01
1.846491842269897532e+01
1.846432180404663015e+01
1.846405200958252024e+01
1.846372013092041087e+01
1.846347084045410014e+01
1.846343402862548899e+01
1.846352910995483398e+01
1.846362524032592844e+01
1.846364784240722656e+01
1.846382474899291992e+01
1.846399230957031179e+01
1.846424331665038920e+01
1.846440305709838725e+01
1.846439132690429830e+01
1.846445550918578959e+01
1.846462221145629812e+01
1.846479892730712891e+01
1.846480741500854350e+01
1.846489143371582031e+01
1.846520128250121928e+01
1.846545286178588796e+01
1.846569290161132670e+01
1.846602592468261861e+01
1.846636304855346822e+01
1.846658506393432475e+01
1.846691579818725515e+01
1.846720829010009624e+01
1.846741199493408203e+01
1.846766223907470561e+01
1.846783943176269460e+01
1.846798315048217631e+01
1.846822004318237376e+01
1.846835880279541087e+01
1.846831731796264719e+01
1.846836662292480469e+01
1.846847114562988423e+01
1.846860504150390625e+01
1.846871509552001811e+01
1.846882057189941406e+01
1.846878366470336985e+01
1.846809825897216939e+01
1.846366233825683523e+01
1.846065006256103658e+01
1.846019697189331055e+01
1.846014719009399485e+01
1.846001749038696360e+01
1.846000928878784109e+01
1.846007452011108541e+01
1.846018028259277344e+01
1.846027774810790945e+01
1.846032590866088796e+01
1.846034851074218608e+01
1.846050138473510671e+01
1.846071805953979350e+01
1.846101284027099609e+01
1.846135864257812642e+01
1.846175193786621094e+01
1.846229743957519531e+01
1.846274995803833008e+01
1.846303367614746094e+01
1.846339540481567454e+01
1.846372604370117188e+01
1.846394481658935405e+01
1.846277770996093892e+01
1.846140775680542134e+01
1.846102914810180806e+01
1.846082191467285227e+01
1.846060714721679830e+01
1.846033468246459819e+01
1.846011476516723704e+01
1.845986804962158345e+01
1.845986833572387553e+01
1.845988750457763672e+01
1.845994539260864187e+01
1.845979814529419016e+01
1.845967626571655273e+01
1.845943412780761861e+01
1.684809141159057688e+01
3.544263565540313632e+00
2.130750298500061035e+00
1.949663490056991577e+00
1.297154480218887240e+00
9.825503408908844438e-01
9.382336169481277910e-01
8.818254232406615989e-01
7.667615026235580222e-01
6.592338979244232178e-01
6.271628409624099287e-01
5.202816933393478172e-01
5.007266953587532488e-01
3.882511839270591514e-01
3.333173938095569389e-01
2.790305286645889393e-01
3.239633211866020934e-01
2.852645240724086539e-01
1.751606872305274121e-01
7.744807660579681174e-01
4.976291924715042225e-01
3.418385781347751395e-01
1.367174902930855807e-01
3.559484478086233361e-01
2.171312141232192572e-01
5.281102534383534941e-01
2.556477281264960544e-01
1.258397429250180666e-01
2.689846848137676938e-01
1.919543707743286975e-01
5.657661303877830061e-01
3.870760761201381683e-01
4.947972639463841804e-01
5.045768231153487937e-01
5.343374889343976974e-02
5.982171587646007982e-01
6.262014746665954812e-01
3.558319695293903351e-01
1.990939328446984236e-01
1.082795482128858511e-01
1.402698264457285515e-01
1.657029688358306885e+00
1.611298340559005782e+00
1.355185681581497104e+00
1.262497293949127242e+00
1.176895773410797208e+00
1.101454287767410278e+00
1.302531325817108065e+00
1.104838806390762374e+00
1.306751602888107211e+00
1.170460307598113925e+00
1.308592218160629317e+00
1.190613090991973877e+00
1.026390177011489824e+00
9.498518109321594238e-01
9.597023785114288108e-01
1.794406807422638028e+00
1.984740412235260099e+00
1.973332583904266357e+00
1.943500769138336137e+00
1.910159468650817871e+00
1.874287140369415239e+00
1.835294783115386963e+00
1.791872340440750166e+00
1.742101103067398071e+00
1.682581567764282138e+00
1.605646145343780473e+00
1.493051242828369096e+00
1.279946750402450650e+00
8.851958721876144187e-01
1.133600745350122452e+00
9.916545343399047141e+00
9.802309322357178445e+00
9.738642168045043235e+00
9.628307151794434304e+00
9.464618253707886453e+00
9.397685384750365856e+00
9.357059621810913441e+00
9.322531175613402610e+00
9.353714752197266336e+00
9.405270004272461293e+00
9.278818035125732777e+00
9.254631376266479137e+00
1.010628819465637207e+01
1.846373167037963725e+01
1.846367349624633647e+01
1.835768222808837891e+01
1.836134939193725657e+01
1.835843238830566548e+01
1.839883689880371165e+01
1.841136341094970774e+01
1.841071891784667969e+01
1.841018543243408345e+01
1.840952835083007955e+01
1.840814027786255025e+01
1.840796623229980611e+01
1.846333837509155273e+01
1.846343488693237234e+01
1.846348123550415110e+01
1.846361522674560618e+01
1.846376686096191477e+01
1.846394081115722585e+01
1.846410627365112234e+01
1.846432790756225728e+01
1.846428508758544851e+01
1.846428031921386648e+01
1.846435956954956126e+01
1.846445865631103445e+01
1.846457834243774343e+01
1.846466188430786204e+01
1.846463670730590678e+01
1.846453371047973491e+01
1.846423931121826101e+01
1.846309423446655273e+01
1.846225843429565572e+01
1.846201524734497212e+01
1.846188478469848704e+01
1.846184377670288157e+01
1.846180362701415945e+01
1.846174678802490376e+01
1.846185932159423970e+01
1.846203870773315359e+01
1.846215581893920898e+01
1.846229658126831197e+01
1.846235818862914968e+01
1.846233739852905131e+01
1.846221513748168874e+01
1.846212348937988423e+01
1.846220445632934570e+01
1.846231899261474751e+01
1.846235408782958842e+01
1.846243982315063548e+01
1.846253671646118022e+01
1.846238031387328959e+01
1.846228065490722514e+01
1.846233654022216797e+01
1.846235380172729634e+01
1.846244421005248881e+01
1.846256732940673828e+01
1.846254758834838938e+01
1.846255121231079244e+01
1.846261320114135884e+01
1.846271715164184712e+01
1.846271924972534251e+01
1.846253118515014791e+01
1.846213245391845703e+01
1.846184673309326030e+01
1.846180076599121023e+01
1.846176538467407369e+01
1.846172761917114258e+01
1.846173639297485281e+01
1.846168069839477610e+01
1.846173458099365305e+01
1.846171035766601420e+01
1.846175069808959890e+01
1.846177015304565572e+01
1.846172609329223491e+01
1.846163473129272603e+01
1.846148824691772461e+01
1.846148538589477539e+01
1.846142091751098491e+01
1.846118030548095845e+01
1.846096439361572195e+01
1.846085681915283061e+01
1.846091556549072266e+01
1.846084032058715962e+01
1.846074562072753977e+01
1.846071643829345632e+01
1.846062688827514719e+01
1.846058149337768484e+01
1.846038274765014719e+01
1.846028566360473633e+01
1.846018495559692241e+01
1.846021728515625071e+01
1.846030969619750906e+01
1.846036939620971751e+01
1.846037702560424876e+01
1.846036415100097727e+01
1.846032772064209126e+01
1.846032981872558665e+01
1.846037778854370259e+01
1.846033973693847585e+01
1.846034650802612376e+01
1.846022367477416992e+01
1.846008949279785227e+01
1.845996265411377024e+01
1.845982246398925852e+01
1.845974035263061452e+01
1.845973072052002095e+01
1.845976524353027415e+01
1.845977907180786204e+01
1.845969610214233469e+01
1.845952005386352468e+01
1.845930461883544993e+01
1.845905828475952148e+01
1.845891647338867259e+01
1.845867280960083079e+01
1.845847187042236470e+01
1.845833196640014506e+01
1.845817413330077983e+01
1.845802869796752788e+01
1.845790147781372070e+01
1.845775003433227468e+01
1.845750236511230469e+01
1.845746984481811381e+01
1.845737142562866140e+01
1.845736885070800781e+01
1.845731248855590678e+01
1.845724620819091655e+01
1.845724554061889577e+01
1.845708484649658132e+01
1.845697231292724538e+01
1.845688924789428853e+01
1.845684566497802592e+01
1.845671329498291158e+01
1.845665588378906108e+01
1.845664710998535085e+01
1.845659513473510671e+01
1.845647029876709055e+01
1.845638179779052734e+01
1.845623331069946360e+01
1.845618562698364329e+01
1.845615262985229421e+01
1.845607538223266531e+01
1.845594196319580149e+01
1.845574436187744283e+01
1.845555887222290181e+01
1.845544843673706126e+01
1.845551271438598562e+01
1.845562896728515767e+01
1.845571260452270579e+01
1.845565109252929759e+01
1.845568895339965820e+01
1.845566482543945241e+01
1.845576944351196147e+01
1.845583858489990092e+01
1.845571002960205220e+01
1.845557680130004741e+01
1.845562639236450053e+01
1.845554847717285085e+01
1.845555629730224467e+01
1.845552282333374094e+01
1.845549726486206055e+01
1.845547113418579244e+01
1.845541515350341655e+01
1.845548276901245188e+01
1.845558032989502095e+01
1.845566501617431499e+01
1.845572099685669087e+01
1.845572872161865163e+01
1.845560989379882955e+01
1.845548810958862163e+01
1.845548543930053853e+01
1.845539636611938406e+01
1.845531597137451030e+01
1.845530796051025391e+01
1.845528440475463938e+01
1.845532817840576101e+01
1.845533418655395508e+01
1.845524034500122212e+01
1.845510005950927734e+01
1.845508089065551616e+01
1.845507125854492259e+01
1.845501623153686666e+01
1.845508871078491353e+01
1.845514068603515767e+01
1.845513219833373952e+01
1.845507354736328054e+01
1.845516052246093608e+01
1.845517997741699290e+01
1.845511035919189524e+01
1.845511293411254883e+01
1.845506010055542134e+01
1.845492429733276296e+01
1.845489931106567383e+01
1.845499181747436523e+01
1.845508728027343892e+01
1.845505771636963033e+01
1.311320800781249929e+01
1.055970029830932688e+01
1.053076076507568359e+01
1.049092874526977504e+01
1.046092834472656286e+01
1.043242211341857839e+01
1.039319405555725062e+01
1.032690124511718821e+01
4.389882194995879949e+00
1.483890336751937822e+00
1.102931204438209578e+00
1.019292509555816739e+00
1.004338377714157016e+00
1.002796998620033353e+00
1.001611843705177307e+00
9.996668308973312156e-01
9.993764072656631248e-01
9.985245466232299805e-01
9.947810977697372214e-01
9.843320637941360696e-01
9.406954258680343406e-01
7.800635367631911787e-01
7.009332448244094405e-01
6.678059607744216697e-01
5.713338270783424599e-01
5.290917098522186501e-01
6.829346388578414473e-01
6.097596257925033125e-01
4.734939709305763245e-01
6.272019401192665544e-01
1.104921975731849582e+00
7.366449818015098350e-01
3.993095681071281433e-01
2.979512259364128224e-01
2.364735211245715674e-01
2.055560512468218859e-01
2.357607042416930143e-01
2.668179312720894703e-01
2.527079638093709946e-01
2.764815801754593738e-01
3.041984425857663377e-01
3.203076943755149841e-01
3.071636844426393620e-01
3.206845186650753021e-01
1.400610392913222424e-01
8.041154146194458285e-02
7.148466587066650835e-01
4.099635101854801067e-01
4.910666272044181963e-02
4.335570354014635364e-02
1.215115961432456926e+00
1.032425484061241239e+00
7.311637967824935469e-01
5.165158614516258684e-01
2.376812463626265526e-01
-5.133995227515697479e-02
2.087742395699024311e-01
1.644977247342467308e-01
2.232008400373160784e-01
7.452785149216652194e-02
-1.321659237146377563e-01
2.370399061590433010e-01
1.252788063138723408e-02
-2.818489141762256511e-01
4.584457322955131642e-01
4.694162055850029103e-01
3.906637392938137054e-01
6.378117702901363595e-01
9.443448305130004439e-01
6.864899814128875288e-01
3.018866226077079884e-01
1.145521067082881997e-02
-2.092124132439494022e-01
2.733325317502021679e-01
1.908609887585043796e-01
-1.144860487431287738e-01
4.487808838486671559e-01
8.614541262388228926e-01
7.458012729883194414e-01
6.025001868605613931e-01
6.854477375745773315e-01
9.341400563716888428e-01
8.250581413507461770e-01
5.581134706735610962e-01
6.299820169806480408e-01
8.174990326166152732e-01
5.479110464453696983e-01
-4.904390312731266022e-03
-2.068935969844460376e-01
1.497544538229703959e-01
1.026462815701961462e-01
-4.017875868827104346e-01
9.701824225485325415e-02
1.596296358853578623e-01
-2.215613026171922573e-01
-4.977684698998928181e-01
9.548636563122272491e-01
1.056807258725166232e+00
8.555424004793167336e-01
8.137772053480147871e-01
7.222287267446517722e-01
8.462704986333846602e-01
7.279280051589012146e-01
1.162043645977973938e+00
1.158825767040252641e+00
9.155746936798095925e-01
8.905871450901031716e-01
1.231335991621017367e+00
1.116489011049270674e+00
8.950606286525726318e-01
5.316088035702705161e-01
3.880385400727391354e-01
5.316596820950507674e-01
6.720765858888626543e-01
1.248305389471352056e+00
1.578348040580749512e+00
1.516931509971618741e+00
1.459176254272460893e+00
1.407773298025131181e+00
1.357020324468612760e+00
1.306552791595458896e+00
1.253347599506378085e+00
1.194718372821807817e+00
1.128794389963150069e+00
1.050936827063560397e+00
9.542247146368026955e-01
8.264038592576981035e-01
6.492016106843948586e-01
4.297568663954735024e-01
2.687610991299152485e-01
3.574688043445348878e-02
2.847465030848980172e-01
3.944197729229926841e-01
5.745020061731338779e-02
-3.012798922136425972e-01
4.455610945820808189e-01
3.844091765582561271e-01
3.751978483051061908e-02
-3.001894351094961388e-01
-1.177158737555146217e-01
5.352891143411397934e-02
-2.396558127366006374e-01
-4.257836220785975179e-02
4.705756455659866333e-01
5.756401650607585463e-01
6.343701161444187386e-01
6.850308477878570557e-01
4.632262766361236461e-01
2.900713921524584182e-01
5.232233583927154985e-01
3.564227081835270039e-01
4.885864436626434215e-01
9.506802409887313843e-01
1.017394924163818271e+00
9.279127985239028487e-01
8.198542684316635354e-01
7.086455732583999412e-01
5.759372949600219949e-01
3.900046814233064651e-01
3.458683930337428936e-01
3.567314296960830688e-01
5.863353669643401878e-01
2.836487920954823272e-01
1.896060333587229196e-01
6.745553847402334657e-01
9.896676123142242876e-01
8.873036444187164529e-01
8.109875738620757613e-01
7.078967273235321489e-01
5.714675724506378396e-01
3.952591717243194580e-01
2.167273808270692714e-01
4.890879482030868752e-01
2.899847567081451638e-01
2.317109882831573375e-01
5.431363582611083984e-01
4.282498762011527904e-01
2.039061370305716991e-01
-2.464379521086811908e-01
-5.350362680852412955e-01
-4.996928036212920921e-01
-5.670748170465230720e-01
9.026021003723144753e-01
8.212697416543960349e-01
6.193340644240379333e-01
3.659613370895385964e-01
3.012043533846736065e-01
4.427882868796587101e-01
9.101138636469841003e-01
9.863072901964187178e-01
9.286128908395767656e-01
8.542295724153519121e-01
7.564029753208160178e-01
6.028330817818641219e-01
3.118010096251964680e-01
1.292684301733970642e-01
-1.011224683374166433e-01
1.944546382129192397e+00
9.250046014785766602e+00
9.417166328430175426e+00
9.332679319381714578e+00
9.189677381515503285e+00
8.917570447921752574e+00
9.286843299865722656e+00
9.251687002182006125e+00
9.000344562530518289e+00
8.704206752777100320e+00
9.270072317123412731e+00
9.253878641128540750e+00
9.027388620376587625e+00
8.986279821395873668e+00
9.097245121002197621e+00
8.677741670608520863e+00
8.881363475322723744e+00
8.194323420524597390e-01
8.861926198005676270e-01
7.988340735435486284e-01
6.408840686082839522e-01
3.442193962633609550e-01
4.927068613469600677e-01
9.523170590400695801e-01
8.474623262882232666e-01
7.201000988483429177e-01
5.783522918820380720e-01
3.976686254143714794e-01
9.333848208189009926e-03
8.440191643312573433e-01
9.568325757980346680e+00
9.496448326110840554e+00
9.400583219528197532e+00
9.257550811767577770e+00
9.029678773880004172e+00
9.142092180252074485e+00
8.968276548385620828e+00
9.186280632019043324e+00
9.548812246322631481e+00
9.528678131103514914e+00
9.456146526336670632e+00
9.359444284439087269e+00
9.199793672561645153e+00
9.004076051712036843e+00
9.273774862289428711e+00
1.452812695503234863e+01
1.846095886230468608e+01
1.846085729598998881e+01
1.846066274642944194e+01
1.846013498306274414e+01
1.845973443984985352e+01
1.845956373214721680e+01
1.845949554443359375e+01
1.845915155410766673e+01
1.845868949890136790e+01
1.845821990966796733e+01
1.845798730850219727e+01
1.845776691436767436e+01
1.845782260894775462e+01
1.845793647766113210e+01
1.845800867080688334e+01
1.845799188613891673e+01
1.845810251235961985e+01
1.845827064514160298e+01
1.845833883285522603e+01
1.845827407836913991e+01
1.845815868377685476e+01
1.845817375183105469e+01
1.845833444595336914e+01
1.845848541259765696e+01
1.845849990844726562e+01
1.845848913192748952e+01
1.845856208801269460e+01
1.845870199203491069e+01
1.845870542526245117e+01
1.845877065658569194e+01
1.845891819000244283e+01
1.845866861343383647e+01
1.845837869644164897e+01
1.845823278427123881e+01
1.845825462341308665e+01
1.845828924179077291e+01
1.845829229354858469e+01
1.845815267562866069e+01
1.845799884796142720e+01
1.845777130126953125e+01
1.845765867233276225e+01
1.845779085159301758e+01
1.845788030624389719e+01
1.845805482864379954e+01
1.845819501876831126e+01
1.845841379165649343e+01
1.845870914459228374e+01
1.845876750946045064e+01
1.845855112075805593e+01
1.845841941833496236e+01
1.845825176239013743e+01
1.845806798934936666e+01
1.845789451599121023e+01
1.845786161422729421e+01
1.845779676437377859e+01
1.845779457092285014e+01
1.845800046920776438e+01
1.845807456970214844e+01
1.845806331634521413e+01
1.845820665359497070e+01
1.845834102630615092e+01
1.845826301574707173e+01
1.845839624404907298e+01
1.845842037200927876e+01
1.845844564437866353e+01
1.845846767425537038e+01
1.845847043991089009e+01
1.845831394195556641e+01
1.845818967819213796e+01
1.845825643539428640e+01
1.845848245620727468e+01
1.845842990875244283e+01
1.845807008743286204e+01
1.845785903930664062e+01
1.845753860473632812e+01
1.845718955993652344e+01
1.845715169906616282e+01
1.845723400115966939e+01
1.845714178085327006e+01
1.845698337554931712e+01
1.845682125091552805e+01
1.845691862106323100e+01
1.845705804824829244e+01
1.845727872848510742e+01
1.845747785568237376e+01
1.845753650665283274e+01
1.845776567459106587e+01
1.845802841186523580e+01
1.845823211669921804e+01
1.845827207565307759e+01
1.845746746063232280e+01
1.845667533874511790e+01
1.845638828277587962e+01
1.845650320053100657e+01
1.845658330917358469e+01
1.845644712448120117e+01
1.845670919418335032e+01
1.845690059661865234e+01
1.845711202621459890e+01
1.845730667114257884e+01
1.845746469497680664e+01
1.845771722793579173e+01
1.845802173614502095e+01
1.845807943344116353e+01
1.845792894363403391e+01
1.845793609619140696e+01
1.845780792236327983e+01
1.845724830627441548e+01
1.845712394714355398e+01
1.845709476470947408e+01
1.845694284439086985e+01
1.845689687728881978e+01
1.845698852539062429e+01
1.845737791061401367e+01
1.845734348297118999e+01
1.845716695785522532e+01
1.845724496841430806e+01
1.845733461380005025e+01
1.845734729766845561e+01
1.845739841461181641e+01
1.845740776062011790e+01
1.845723648071288991e+01
1.845716094970703125e+01
1.845715045928955078e+01
1.845718441009521626e+01
1.845712137222290039e+01
1.845713005065918111e+01
1.845728492736816406e+01
1.845734367370605611e+01
1.845745048522949361e+01
1.845752544403076101e+01
1.845761089324951243e+01
1.845779228210449219e+01
1.845790605545044016e+01
1.845800952911377024e+01
1.845801076889038228e+01
1.845823926925659109e+01
1.845814189910888814e+01
1.845783653259277202e+01
1.845769319534301900e+01
1.845769653320312642e+01
1.845774030685424805e+01
1.845778627395629812e+01
1.845808296203613352e+01
1.845819988250732280e+01
1.845797252655029297e+01
1.845731029510498189e+01
1.845711517333984375e+01
1.845717973709106374e+01
1.845713863372802876e+01
1.845718765258789062e+01
1.845727739334106587e+01
1.845722007751464844e+01
1.845731964111327983e+01
1.845746936798095561e+01
1.845768775939941264e+01
1.845793876647949361e+01
1.845804138183593679e+01
1.845816726684570241e+01
1.845825414657592844e+01
1.845834350585937500e+01
1.845826301574707173e+01
1.845795192718505717e+01
1.845799465179443288e+01
1.845809459686279297e+01
1.845818948745727539e+01
1.845818805694580078e+01
1.845804796218872212e+01
1.845796604156494070e+01
1.845784177780151225e+01
1.845787115097045827e+01
1.845792007446289062e+01
1.845789699554443430e+01
1.845776748657226562e+01
1.845780067443847727e+01
1.845779113769531321e+01
1.845771169662475586e+01
1.845757761001586772e+01
1.845731449127197266e+01
1.845723838806152273e+01
1.845723161697387837e+01
1.845708265304565288e+01
1.845709772109985281e+01
1.845738220214843750e+01
1.845776357650756694e+01
1.845801734924316406e+01
1.845758914947509766e+01
1.845729236602783274e+01
1.845731697082519673e+01
1.845754070281982351e+01
1.845766801834106374e+01
1.845784616470336914e+01
1.845808887481689453e+01
1.845820007324218892e+01
1.845825538635254048e+01
1.845842885971069336e+01
1.845848817825317312e+01
1.845829973220825337e+01
1.845788450241088796e+01
1.845763797760009695e+01
1.845759334564208842e+01
1.845767774581909038e+01
1.845784139633178711e+01
1.845783329010009766e+01
1.845771465301513814e+01
1.845778026580810405e+01
1.845790452957153249e+01
1.845801916122436381e+01
1.845815048217773580e+01
1.845809755325317525e+01
1.845812330245971822e+01
1.845827121734619070e+01
1.845834560394287038e+01
1.845826616287231303e+01
1.845814781188964915e+01
1.845812377929687642e+01
1.845804700851440572e+01
1.845802850723266531e+01
1.845800247192382670e+01
1.845810070037841655e+01
1.845806837081909180e+01
1.845770025253295898e+01
1.845758152008056641e+01
1.845766372680663991e+01
1.845775499343871928e+01
1.845794010162353516e+01
1.845817871093749929e+01
1.845835456848144673e+01
1.845841817855835032e+01
1.845849704742431641e+01
1.845855283737182617e+01
1.845871515274047781e+01
1.845884532928466726e+01
1.845902986526489187e+01
1.845912895202636861e+01
1.845923423767089844e+01
1.845931854248046733e+01
1.845954523086547994e+01
1.845983486175537180e+01
1.845988206863403391e+01
1.845919532775878835e+01
1.845812978744506694e+01
1.845743598937988139e+01
1.845706825256347727e+01
1.845690546035766744e+01
1.845685367584228587e+01
1.845682773590088033e+01
1.845707387924194265e+01
1.845735340118408274e+01
1.845766658782958913e+01
1.845801525115966868e+01
1.845828990936279368e+01
1.845861558914184641e+01
1.845886240005493306e+01
1.845906543731689453e+01
1.845915269851684570e+01
1.845920858383178853e+01
1.845919866561889577e+01
1.845911931991577148e+01
1.845901708602905344e+01
1.845886735916137766e+01
1.845859565734863139e+01
1.845801296234130717e+01
1.845749330520629883e+01
1.845743169784545756e+01
1.845727291107177592e+01
1.845726442337036133e+01
1.845747938156127788e+01
1.845762100219726420e+01
1.845786056518554830e+01
1.845822315216064524e+01
1.845848455429077006e+01
1.845870876312255859e+01
1.845873565673828054e+01
1.845847663879394673e+01
1.845827407836913991e+01
1.845829381942748881e+01
1.845811338424682546e+01
1.845787382125854492e+01
1.845797204971313477e+01
1.845821361541748118e+01
1.845828981399536062e+01
1.845834941864013601e+01
1.845853843688964702e+01
1.845881452560424663e+01
1.845908727645873881e+01
1.845928897857665874e+01
1.845950031280517578e+01
1.845976772308349467e+01
1.846001777648925923e+01
1.845992288589477681e+01
1.845880107879638743e+01
1.845746164321899485e+01
1.845703363418579102e+01
1.845705604553222656e+01
1.845711050033569478e+01
1.845714063644409109e+01
1.845720338821411133e+01
1.845721864700317383e+01
1.845736865997314524e+01
1.845738639831542827e+01
1.845710487365722585e+01
1.845653686523437642e+01
1.845636081695556641e+01
1.845642824172973562e+01
1.845664014816284038e+01
1.845666894912719869e+01
1.845686206817627095e+01
1.845691003799438334e+01
1.845698480606079173e+01
1.845708236694336080e+01
1.845714731216430593e+01
1.845716524124145508e+01
1.845713415145873881e+01
1.845724878311157369e+01
1.845745735168457102e+01
1.845735092163085866e+01
1.845715560913085795e+01
1.845694093704223704e+01
1.845691690444946431e+01
1.845699367523193501e+01
1.845730648040771626e+01
1.845757102966308594e+01
1.845774526596069265e+01
1.845775671005248952e+01
1.845785598754882884e+01
1.845800876617431641e+01
1.845808563232422017e+01
1.845783786773681712e+01
1.845755929946899343e+01
1.845751914978027486e+01
1.845744485855102468e+01
1.845751428604125977e+01
1.845778808593750142e+01
1.845801172256469869e+01
1.845827465057373118e+01
1.845856304168701101e+01
1.845866489410400391e+01
1.845844440460205149e+01
1.845833721160888530e+01
1.845833759307861399e+01
1.845845031738281250e+01
1.845851497650146555e+01
1.845861310958862234e+01
1.845867366790771413e+01
1.845870590209960938e+01
1.845876455307006836e+01
1.845861110687256001e+01
1.845858526229858398e+01
1.845856370925903178e+01
1.845845890045166016e+01
1.845799493789672852e+01
1.845766716003418040e+01
1.845753087997436381e+01
1.845749177932739116e+01
1.845758714675903178e+01
1.845761671066284038e+01
1.845765333175659251e+01
1.845774564743042134e+01
1.845781784057617259e+01
1.845792398452758931e+01
1.845786457061767649e+01
1.845782833099365305e+01
1.845767059326171733e+01
1.845760345458984375e+01
1.845757446289062642e+01
1.845756053924560547e+01
1.845748348236083913e+01
1.845760288238525249e+01
1.845770006179809641e+01
1.845782413482665874e+01
1.845800848007202077e+01
1.845795755386352610e+01
1.845794525146484233e+01
1.845821199417114400e+01
1.845820913314819478e+01
1.845764961242675639e+01
1.845716724395752095e+01
1.845701303482055522e+01
1.845705757141113423e+01
1.845707445144653391e+01
1.845705518722534322e+01
1.845723409652709890e+01
1.845737609863281392e+01
1.845741758346557759e+01
1.845754356384277273e+01
1.845774173736572266e+01
1.845789318084716868e+01
1.845779247283935476e+01
1.845760002136230327e+01
1.845766696929931783e+01
1.845776300430297923e+01
1.845790557861328196e+01
1.845797748565673757e+01
1.845790662765502788e+01
1.845762720108032084e+01
1.845725927352905416e+01
1.845704927444457866e+01
1.845714149475097798e+01
1.845726833343506001e+01
1.845744647979736186e+01
1.845777177810668945e+01
1.845795345306396484e+01
1.845805406570434570e+01
1.845807952880859304e+01
1.845809030532836914e+01
1.845784254074096609e+01
1.845741100311279226e+01
1.845712976455688548e+01
1.845712518692016602e+01
1.845725421905517649e+01
1.845741376876831197e+01
1.845752477645874023e+01
1.845762948989868235e+01
1.845774250030517649e+01
1.845765752792358327e+01
1.845763835906982564e+01
1.845778675079345632e+01
1.845794410705566335e+01
1.845793876647949361e+01
1.845773525238037038e+01
1.845767860412597727e+01
1.845777750015258789e+01
1.845780439376830984e+01
1.845785741806030344e+01
1.845790157318115376e+01
1.845788249969482564e+01
1.845778951644897603e+01
1.845771217346191406e+01
1.845778751373291016e+01
1.845791749954223704e+01
1.845789108276367330e+01
1.845784339904785298e+01
1.845784883499145579e+01
1.845786399841308523e+01
1.845774726867675852e+01
1.845765714645385813e+01
1.845754995346069194e+01
1.845747890472411967e+01
1.845747289657592916e+01
1.845752735137939382e+01
1.845764417648315359e+01
1.845774326324463033e+01
1.845775690078735209e+01
1.845778141021728658e+01
1.845784864425659322e+01
1.845780906677246236e+01
1.845772886276245117e+01
1.845770454406738281e+01
1.845760364532470632e+01
1.845747241973877095e+01
1.845732393264770366e+01
1.845736904144287038e+01
1.845743436813354421e+01
1.845738477706909109e+01
1.845741710662841939e+01
1.845747346878051687e+01
1.845751237869262695e+01
1.845753231048583842e+01
1.845751485824585103e+01
1.845752210617065359e+01
1.845751419067382670e+01
1.845748891830444194e+01
1.845744724273681570e+01
1.845741586685180735e+01
1.845739822387695384e+01
1.845732946395873952e+01
1.845731668472290110e+01
1.845731658935546804e+01
1.845725927352905416e+01
1.845734462738037251e+01
1.845735502243041992e+01
1.845722875595092916e+01
1.845718164443969656e+01
1.845716018676757741e+01
1.845713071823120188e+01
1.845704584121704173e+01
1.845704469680786275e+01
1.845697736740112305e+01
1.845692348480224609e+01
1.845687427520751811e+01
1.845691661834716868e+01
1.845692548751831197e+01
1.845698051452636790e+01
1.845693788528442525e+01
1.845684156417846822e+01
1.845684928894042898e+01
1.845681295394897603e+01
1.845681104660034322e+01
1.845684108734131001e+01
1.845679817199707173e+01
1.845683336257934570e+01
1.845683946609496928e+01
1.845686235427856303e+01
1.845680875778198171e+01
1.845679912567138814e+01
1.845689201354980469e+01
1.845692462921142507e+01
1.845686511993408274e+01
1.845682973861694265e+01
1.845678472518920898e+01
1.845683298110962056e+01
1.845687656402587962e+01
1.845690355300903462e+01
1.845689067840576314e+01
1.845691289901733256e+01
1.845688591003418111e+01
1.845691280364990305e+01
1.845696249008178569e+01
1.845694837570190572e+01
1.845691852569580149e+01
1.845692186355590891e+01
1.845694780349731445e+01
1.845693712234497141e+01
1.845691270828246999e+01
1.845688791275024343e+01
1.845682001113891602e+01
1.845677957534790181e+01
1.845679111480712820e+01
1.845682878494262624e+01
1.845694980621338033e+01
1.845690317153930593e+01
1.845686788558959890e+01
1.845686130523681712e+01
1.845679874420165945e+01
1.845676946640014648e+01
1.845678358078003001e+01
1.845682659149169780e+01
1.845680561065673686e+01
1.845682497024536062e+01
1.845679149627685689e+01
1.845669155120849680e+01
1.845660581588744975e+01
1.845651817321777344e+01
1.845654916763305664e+01
1.845653810501098491e+01
1.845663070678710938e+01
1.845669412612915039e+01
1.845657997131347727e+01
1.845649223327636790e+01
1.845629186630248952e+01
8.506449055671691184e+00
1.556985127925872847e+00
1.254282236099243164e+00
1.038250273466110318e+00
9.693710714578628318e-01
9.482235848903656228e-01
9.476251721382140669e-01
9.464867502450943215e-01
9.451395541429519209e-01
9.434758186340331809e-01
9.400118291378021240e-01
9.141434133052825928e-01
8.164212554693222046e-01
8.296966791152954324e-01
8.157491236925125122e-01
6.721831768751144187e-01
5.798494130373000877e-01
5.193375289440155251e-01
5.850271746516227944e-01
4.178953677415847556e-01
1.036687768995761871e+00
1.011207866668701216e+00
9.388136118650436401e-01
9.039021432399749756e-01
8.571137011051177534e-01
8.036985367536544356e-01
7.643123507499695046e-01
6.813779324293136597e-01
6.607374429702759233e-01
6.811711937189102173e-01
4.979378446936607583e-01
3.784443281590938457e-01
2.015938877128064521e-01
3.091538185253739357e-01
4.655344501137733682e-01
4.341553792357444874e-01
7.557051181793212891e-01
6.355736777186393738e-01
3.752259410917758720e-01
9.190047979354858398e-01
4.216671630740165821e-01
5.591788912191987260e-01
3.938361778855323792e-01
6.641902230679989083e-01
1.172949779033660933e+00
1.132555693387985229e+00
1.043993121385574430e+00
9.856424272060394509e-01
9.307178169488906638e-01
8.372204601764678955e-01
1.317046919465064914e+00
1.137142676115036055e+00
1.037718647718429477e+00
8.032377719879150169e-01
6.170196324586868508e-01
4.719518110156059043e-01
4.386469125747680664e-01
3.957893505692481884e-01
3.495570793747901917e-01
3.096181914210319741e-01
2.417357120662927683e-01
1.566547086462378446e-01
7.269049873575568477e-02
2.435555787757039126e-01
6.239887159317732135e-02
1.174686942249536514e-02
3.311446124687790760e-01
5.848871156573295371e-01
5.021835803985595925e-01
3.821037203073501809e-01
1.645703416317701451e-01
-1.217975079081952544e-01
4.601569622755050798e-02
-1.480974035337567218e-01
8.016644567251205444e-01
8.858716547489166038e-01
8.142714232206345049e-01
7.686048656702041404e-01
6.992345392704010232e-01
7.556744873523711936e-01
8.959667652845382246e-01
7.742264032363891380e-01
5.463598668575286865e-01
7.065416693687438521e-01
7.471814692020416482e-01
5.741820588707924333e-01
4.510771933943032996e-01
7.317525833845138772e-01
5.081051751971245034e-01
2.774839861318468826e-01
7.255577675998210463e-01
6.766807287931442261e-01
4.469999060034751670e-01
1.281085794791579358e-01
2.187475346028804890e-01
2.212186355143785366e-01
-1.528750439174473286e-01
2.537488309666514619e-01
3.999106608331203239e-01
5.477138161659240723e-01
1.341722576320171445e+00
1.491905111074447676e+00
1.452851641178131148e+00
1.390828883647918790e+00
1.328759413957595781e+00
1.265229135751724243e+00
1.196750766038894742e+00
1.119073843955993741e+00
1.027827891707420394e+00
9.185630112886429277e-01
7.887097746133804321e-01
6.842511087656021340e-01
6.139346212148666382e-01
7.220890909433365090e-01
6.849508017301559892e-01
5.877446979284286499e-01
4.185043424367904663e-01
7.586995929479598555e-01
7.971490532159805076e-01
7.009713619947433028e-01
5.319713488221168296e-01
5.848218508064746413e-01
6.470032840967178123e-01
4.398515708744525909e-01
9.405269572511315568e-01
1.130894005298614502e+00
1.084081679582595825e+00
1.021783688664436252e+00
9.519977837800979170e-01
8.719211697578430620e-01
7.754632949829101118e-01
6.516273021697998047e-01
4.784483686089515686e-01
2.036906717345118578e-01
-2.904739839956164138e-01
2.264891043305397034e-01
2.692016765475273021e-01
1.609305727295577415e-01
1.375294933095574414e-02
1.390262699685990699e-01
2.449186816811561584e-01
-3.609379939734935760e-02
1.184416464529931545e-01
-2.220847291871905216e-01
4.457572348415851371e-01
6.031829208135605080e-01
4.716608010232448689e-01
5.287848398089408652e-01
3.551757581532001273e-01
5.881862998008727805e-01
3.389916930347681157e-01
1.063773734122514636e+00
1.348027807474136308e+00
1.272322720289230435e+00
1.202414977550506636e+00
1.140067327022552535e+00
1.087394416332244873e+00
1.037982571125030562e+00
9.841662049293518066e-01
9.274316936731338279e-01
8.646949470043182595e-01
7.939819663763045821e-01
7.116371929645538552e-01
6.177094072103500588e-01
5.144566044211387190e-01
4.472347721457481384e-01
3.952622294425964244e-01
3.833556771278381348e-01
3.391622342169284821e-01
2.969230346381664387e-01
2.596528112888336071e-01
2.166063979268074147e-01
1.715632829815149363e-01
3.454720210283994397e-02
2.483488982543349266e-01
1.656474214047193583e-01
-1.462849347852170356e-01
-3.683915299363434426e-01
1.930799482390284649e-01
-3.104579374194145133e-02
-2.884936975315213203e-01
-2.850689888000488281e-01
1.345270642079413048e-01
2.086293902248144080e-02
-3.051729146391153336e-01
-3.947758324444293754e-01
3.650171982124447712e-01
-4.373944243416190425e-02
-2.624789558351039997e-01
2.758698587305843941e-01
2.453605704009532984e-01
6.094371039420366509e-01
1.692336511611938432e+00
1.451609683036804155e+00
1.245703792572021573e+00
1.077184557914733887e+00
9.311003834009170532e-01
7.572743177413940874e-01
6.011170402169228044e-01
4.408233864232897758e-01
8.304802283644676653e-01
7.446843028068542703e-01
5.867370754480362161e-01
4.123763417825102584e-01
1.618942733108997389e+00
1.787881791591644287e+00
1.739321821928024203e+00
1.678565174341201782e+00
1.613317567110061690e+00
1.558054196834564253e+00
1.520407778024673418e+00
1.489989918470382646e+00
1.462939190864563033e+00
1.437115818262100220e+00
1.411451190710067749e+00
1.387090325355529785e+00
1.364647090435028076e+00
1.343962228298187345e+00
1.324700558185577304e+00
1.306409162282943681e+00
1.288472092151641935e+00
1.270357531309127763e+00
1.251167428493499711e+00
1.230437409877777055e+00
1.208337157964706421e+00
1.184288311004638716e+00
1.157785403728485152e+00
1.127243065834045321e+00
1.091617244482040450e+00
1.049542146921157881e+00
9.986645936965942161e-01
9.327817559242248535e-01
8.460362285375595537e-01
7.314529389142989668e-01
6.158831372857094255e-01
5.437015265226363692e-01
4.899537272751331440e-01
6.416194826364517434e-01
4.843397766351699718e-01
3.311879770830273850e-01
